16384
93993
29153
32708
21020
43004
45620
50192
47582
60495
72280
65786
79764
55831
35260
46218
7903
70730
58938
79709
63619
11210
64373
26495
1892
97231
68092
12906
32804
10167
44659
18662
44111
89065
89600
22212
61999
11130
832
30484
66700
7731
26210
79960
50476
13959
68213
40482
84391
32873
4621
96819
73627
62175
29488
63740
68051
83295
8299
36003
98268
72061
17074
39830
58462
26285
39711
97036
11801
67504
8677
16180
44953
31305
40886
66497
35539
3045
94106
79857
36789
21599
25643
99010
11032
56874
35103
13387
59801
69241
70380
31024
92734
84775
45947
4019
69957
80498
5643
18680
54028
72155
40887
29378
53475
87745
82370
52610
33200
56534
3088
98631
97956
96688
33558
43570
96261
47269
70484
78676
62289
80655
82865
51392
63210
20156
26573
19317
47226
65858
99293
36241
80547
21558
87048
35800
70081
39218
67535
5864
63296
54014
46353
37616
7012
31990
31335
24906
65400
34522
6181
2649
55971
3333
88220
78946
28041
84244
53616
21206
7411
16601
27419
82934
88357
42537
76688
94229
22419
95499
34001
30593
34111
87878
36583
29539
42127
44361
83244
16008
36165
58503
3704
20580
62361
47795
54066
91851
83263
90133
11513
10129
44067
50686
78902
45553
22905
10396
87637
7352
78355
83249
81453
99362
69992
68272
42247
53898
19998
54974
72727
25922
24298
29666
64626
69207
85392
8683
54838
29371
22502
37339
68026
10024
20300
18670
70310
18251
75744
91666
4503
69780
54827
48861
4165
74661
48781
65394
73555
71841
71287
84644
41821
14001
32064
10481
91189
87242
6740
50816
23549
3513
86037
5187
38313
47735
25796
430
71706
2736
29042
13591
24880
88297
53015
40921
61132
69153
93673
18262
64236
43662
6297
31779
87880
12417
69424
4420
31002
2810
93517
8241
73271
76133
18919
6318
92118
12127
65713
81552
21076
24419
81421
29891
250
5803
25919
31210
87631
2501
77889
4807
45441
13532
95239
20957
70129
36655
49998
63476
27133
8203
19420
99000
52763
45036
61105
42453
50335
35775
33393
11346
42981
68005
54670
23150
4728
66511
25581
8473
29668
22488
17637
61658
52208
99951
29685
62473
5530
14310
92085
56535
14316
46743
15386
79616
56594
43964
65280
94385
60227
27382
5497
87239
8657
42377
27735
91519
19209
11563
38345
17233
99344
68389
67260
22693
38453
28124
84649
90308
52400
44075
15673
22776
42465
26103
95322
39776
20230
23512
40746
68429
46264
18753
21144
44268
11820
29056
67796
60084
95243
393
9428
89940
56260
86181
95879
26986
66583
65683
89670
26721
15653
95851
63717
80566
21150
51917
75304
15793
62320
24402
2441
69559
88068
50009
95266
53716
14617
21864
93481
57038
96750
55718
25010
61191
83300
24684
58174
30533
1874
77521
11918
67696
17760
41982
7955
17915
96525
51390
1483
58640
67571
74956
27637
72521
65517
24626
13916
91247
25561
68535
36506
16141
77497
84612
27020
68596
35602
16180
98770
93036
39913
10866
18882
93756
17962
24497
44509
96144
9851
27083
30745
2180
99583
89204
73984
63214
87814
61600
72408
84739
32954
42456
21775
38965
53605
32021
91924
50260
76291
72574
31161
6260
26061
4558
45400
75172
11223
32435
98734
27417
94402
83881
78268
6643
19294
27432
94352
96990
92701
42752
13620
2992
33678
39818
74925
66133
67776
80188
33692
60559
8433
80163
51960
29102
34529
91370
37597
85962
73015
64772
63671
94994
84967
81073
56338
352
90409
89485
85640
61441
19676
78499
79025
23803
28490
71206
19954
9677
30784
99170
50934
83987
71665
43129
98816
55635
16684
73718
56785
68276
70621
51185
14565
53594
48449
66275
57333
73290
47522
85299
80347
58646
40670
72608
67200
90586
9056
2378
91391
52109
88759
64554
16342
14421
46951
97297
26740
25212
11638
49679
66373
39016
64024
59433
74741
75331
66752
76253
56122
70357
88806
59890
72103
53919
71533
21362
2223
29104
20662
32823
23101
67646
66331
25817
62748
18222
60894
61335
62371
28059
70158
92381
38237
38834
11630
52294
58185
71579
44356
62815
40530
68174
1299
65918
42874
517
77428
34897
79476
12305
18152
79267
31522
48410
85228
97386
99906
46665
31707
81398
72418
67027
66309
64499
96910
84680
13871
67774
6533
16836
9232
56513
66879
98341
76873
20763
13592
82992
19146
78690
70202
93569
52361
58235
57291
84141
5871
38517
68762
96204
65534
55381
3620
79976
70332
71846
59767
90406
20298
72380
97169
73416
57596
85240
10088
58325
66991
71004
23784
65595
62080
23165
43690
86556
92051
46594
98497
192
89681
73979
50777
34258
726
12013
25119
72670
24529
35874
13086
67976
18158
53775
46504
46773
69241
13517
76770
84196
28537
83128
77589
24992
58658
93041
69995
45540
97821
59800
18035
94646
41000
41709
57942
85120
30339
77628
12513
60224
54209
81222
66972
57881
15065
94020
69779
23157
70506
84336
35600
76320
54068
9344
53201
47636
83170
51566
91854
11431
33134
75540
7518
52477
52514
93973
84525
6563
48137
29274
60399
38131
67031
17518
16243
10290
8612
66160
6740
52849
83682
81006
20544
6723
47919
24503
29605
45798
30265
45367
92065
9597
40791
17834
53590
16047
96263
27366
84966
58134
33446
41968
62772
56319
78639
26714
99596
79895
61962
60528
76131
95240
8788
63388
7900
82992
29730
45572
64998
22591
80555
94529
12419
61953
11746
23815
16379
35863
39974
56876
28714
69281
61339
53123
10499
18207
27670
40298
18387
99163
73597
51128
65790
39639
78207
11393
17232
96143
78285
70496
21094
61989
5034
76227
62880
4822
20650
26909
70831
87919
16605
67384
81392
5756
71851
18979
77977
35806
6821
58101
62764
79189
4644
60935
32779
81725
21011
3722
3960
47842
98651
83835
98480
57500
39110
13389
70210
8631
48433
27303
2029
38139
18993
12934
47211
59806
48403
98115
11706
1997
93836
53152
65058
10656
86588
96726
36428
65070
39501
66722
28030
58649
51624
87865
27487
96232
47286
34892
67920
61901
56918
73393
25821
79446
22021
45770
5641
33007
95085
98165
16403
73926
7253
51240
92541
20761
48495
62753
28001
52255
13346
71242
95798
78594
4137
82901
22206
24476
84673
12348
46056
84943
3651
47524
67728
48661
35746
16294
17070
26614
67182
24446
72053
66375
65282
43339
26258
32401
86279
11998
24486
28312
25431
91909
99896
84035
55053
78606
72286
78995
89281
41247
93724
21592
18089
25692
72105
94827
984
36865
3260
98541
28363
11911
33288
80970
76110
91558
36699
72439
8315
61979
11361
46942
74840
39373
2768
19179
92063
39417
10413
65964
25918
17077
31278
40626
2878
96068
92374
28755
17535
63305
5728
35739
16016
4548
39516
40536
22888
73087
76874
22999
59680
2040
49471
34642
77985
21486
88572
14679
20845
86585
5190
94644
63694
80154
60717
47431
85153
45835
13467
26296
33654
38990
35846
39322
67030
45341
78355
87353
62106
86173
77662
96725
289
87097
90456
69720
85768
19573
21783
35579
99356
64780
60757
18598
38132
31220
57225
7277
68138
29716
10206
25916
49116
74476
47515
50071
75596
16150
18780
10448
83439
17038
39644
42920
16925
34532
41657
51540
98953
8100
14207
5063
4334
33587
94241
88707
52666
90268
34767
6532
1584
98771
31110
51350
91878
45443
71546
35099
80813
86887
91524
74266
45223
67351
70439
41270
28866
82371
68683
46056
96814
41520
71817
98107
85645
78751
42517
35149
30914
1431
30136
74938
11100
76190
60180
54803
30784
24860
51641
75578
23394
94585
19807
33829
85948
24756
61414
23055
94265
29678
94390
8969
78978
88193
65535
17049
49665
68301
29762
30911
40447
96487
84645
60438
2657
29453
93854
33083
37751
15978
80
30410
22946
77849
15769
33194
46235
62178
66782
3132
50556
81361
38803
14937
81682
97986
56861
57426
1088
42170
64464
24327
57909
27351
10407
8234
80218
24880
28310
79229
30555
40582
3676
57856
36844
70891
39138
13516
68896
73948
676
86424
64696
89043
44458
25176
27094
49905
78297
15955
55450
60457
51552
46110
48253
73035
87934
98248
97649
14539
80211
81272
45728
6281
98803
23244
29164
58409
73336
2175
79412
8125
8415
70589
2752
77686
69696
34431
85919
35623
70659
92750
14114
33076
19162
95037
15576
4879
81302
21366
44901
44817
61317
66337
92010
43258
92217
60330
72551
85398
88446
69756
93936
96367
58788
45900
70866
51900
70252
53809
33
74057
15095
92833
57153
35977
45218
82764
41292
8538
27231
19651
77016
13004
45846
69714
28220
41456
6212
75477
30510
28354
53281
11613
39742
73126
24152
53305
33584
1778
16025
17100
833
35945
85891
59993
22867
77623
31224
77716
58430
73353
79471
4923
93780
69790
14568
95688
99038
80233
69922
23179
53922
10426
71428
76689
41551
42704
65229
15036
18129
6663
1289
23384
65088
52597
31146
61494
7515
77412
10256
64734
14671
13225
13939
61224
48166
76779
82654
77055
61415
70108
10762
78278
43119
36301
73807
56222
94208
14020
18992
32909
19737
57002
21464
24229
41127
2305
68780
27841
95951
49640
21916
11904
69718
71466
34318
51915
87693
36503
55551
38006
63322
96269
84917
77184
76710
89189
38422
66968
9680
97522
76896
31512
90334
41256
18249
35940
67998
42440
27228
13954
3283
11325
64223
35296
28047
50092
66123
47866
39569
98595
18810
56508
71171
14355
40849
67668
66468
97975
91344
43505
76525
99187
85859
76052
96693
77297
42947
18683
9319
9767
93193
88079
1019
32884
44031
13140
91882
46489
47137
59202
17067
4872
93955
47888
8343
73884
22478
49291
66924
95761
50035
49682
47392
46428
94558
44060
21001
31719
76224
33923
6918
16206
91278
12261
44706
40657
84452
14519
94048
15554
1286
87809
69258
50540
65626
21694
55722
16046
10699
61711
45126
61673
82488
85662
5145
97961
98060
71493
51699
59025
89967
4843
55303
96389
11686
2061
76261
29229
13420
59521
62285
39045
9071
38399
73473
57758
68626
77955
31976
34789
77291
71003
41968
5382
46246
35308
72348
15249
76971
95019
78004
37518
86180
45185
51734
96274
5385
36686
36955
44192
67247
45291
35319
89667
79666
64316
82236
53889
60247
54194
99571
80925
59164
34068
21091
42119
88858
56932
68345
3047
5385
57433
41553
30548
54045
82315
12984
29851
70513
91480
36637
74758
42763
22784
1647
73018
95877
13041
88037
76741
96740
21227
80376
51187
79525
2940
98882
30659
49140
66003
60675
3062
23856
98799
49986
93101
34891
92661
1919
68934
5461
88602
61467
33423
27803
35822
19528
74359
94528
82906
50871
20445
33482
6181
22620
58762
24226
53981
50007
36286
43098
52103
2560
76101
23406
74471
35245
76284
87198
83912
31571
35636
53583
96886
30377
8497
2108
6986
50764
4917
68784
73730
87308
31252
71674
78597
404
4803
63260
26726
91797
86357
43072
30517
82056
68769
16516
78271
17310
18954
91907
75410
25719
80213
92547
27703
14367
53001
67991
50133
55983
5376
91030
97201
12330
36907
51588
57249
64432
93412
77607
82827
86651
47322
42361
30342
28644
19474
81539
3286
23009
19621
81704
90326
57922
68611
41409
74085
73704
92378
87259
24132
90783
84533
11140
39881
88470
50628
68399
28324
49258
27997
64757
52522
12988
55613
43026
71099
63285
73436
68178
73782
88745
56881
73095
63934
44688
6136
92407
85236
49732
69650
21890
83995
71319
7821
50288
27309
40508
5256
64394
51149
80013
96735
50414
81869
87886
40303
898
83953
11087
804
4140
85826
20525
87047
17138
59530
96807
54724
94977
53080
62509
57641
92163
92670
53372
17632
46909
71303
62287
39529
2315
53549
77529
59011
13209
89410
47345
26212
82954
87096
44872
58485
68270
31711
86226
65539
74496
99300
16897
40055
56912
60591
67938
35324
94217
35937
38270
51989
75642
61824
57695
70907
79805
57500
21959
14018
29361
96875
22949
23788
22515
91816
27401
86573
35149
91099
19545
95427
97865
51235
34220
13479
36704
60154
32635
17305
72209
91671
66636
44246
21064
64460
95793
20812
3235
57319
4089
63571
5764
52090
67721
22315
95166
52671
34520
964
3114
83101
12091
36045
60860
55183
92324
54071
93602
50668
72949
92719
84427
46363
76075
74851
69459
12833
74407
23077
8550
60610
29771
85230
59827
69023
49868
31465
44757
33983
3659
19579
57056
67686
81911
49270
30035
64631
59583
11316
19697
73136
51872
64862
25663
5374
47477
69568
98570
35953
86623
4226
4831
78051
3233
94641
51551
36399
63915
68231
29685
27573
74220
27802
51725
99949
2597
26575
20511
13359
72291
73722
875
650
57258
57353
47755
63245
42504
23911
32762
97872
96818
36862
75354
15506
50614
52024
55192
55727
36362
42707
69854
89181
46224
32700
58270
20537
8539
93403
68155
86573
18265
22676
72709
58613
29731
4814
84137
73733
89051
97653
6636
58556
59694
85853
5879
16542
93770
57886
98753
75638
44946
85771
77655
53315
58629
91180
17759
30356
86377
22495
23873
12999
19286
59732
21815
98669
50004
44285
65289
63367
34718
6315
36119
54673
64940
78572
83198
84122
73898
63808
28954
6843
52067
19837
7152
31329
12381
74811
64179
68452
66526
10274
36192
48312
44037
99206
11357
64352
77246
65434
53184
764
65589
99416
36213
90048
56545
27685
85567
7583
42678
89735
92821
70824
41445
16537
77487
73402
23646
36856
22833
2529
9858
76359
40758
47223
68932
75168
61573
80759
21364
59448
171
27360
21292
40096
99763
69520
40487
61583
54160
45193
90383
90867
6265
5306
49243
68257
32425
4056
77612
68200
94816
90220
15410
30945
19688
47194
22201
35871
17184
96429
50463
88191
15239
93655
22723
25208
13439
37084
413
76783
43460
29969
40935
99175
21230
57225
91310
16615
80504
43407
19131
79936
31544
320
87984
6092
76375
47729
17954
52677
72085
12234
52793
5661
54589
46556
81014
1780
76774
83428
10077
25080
53287
18129
7116
81305
54777
27769
66061
33079
26888
79067
33854
14076
37796
77953
62246
6023
57240
53885
45087
36913
79182
22470
74491
85149
41580
346
30900
74914
3671
74139
96077
43169
51487
16185
73836
2936
49613
3328
98350
91824
90587
70091
16918
21580
15879
56343
62177
79572
43893
36421
77743
97356
84785
69010
81999
20864
97064
65455
18140
1537
73837
72021
45460
10363
74990
64733
64972
88332
81831
78089
80702
5604
19516
92656
56067
39886
86840
8994
42942
98263
70729
8937
55610
70866
31243
47894
64490
96902
38421
72798
88272
1264
12901
85628
75529
51582
37158
34267
91155
37732
94504
21522
18281
18495
75018
4703
42494
1463
17489
46393
24255
26435
35205
14422
52827
97554
56591
2440
61807
90697
14154
43472
26712
31954
10684
61714
89399
22049
79082
13972
10128
98896
15742
95065
5579
24262
3312
28173
76719
14957
17327
60957
96216
46610
35265
32877
62114
32356
88602
24696
7136
74745
36356
59372
75168
76147
44551
45895
91526
98827
33727
96488
57937
2787
30390
73503
92425
66260
87863
89880
80117
58342
2758
59800
95999
32421
9058
80165
20924
91644
22750
63247
35472
10218
34492
55303
54505
26681
7752
75601
34828
81513
86604
80509
58695
38836
34493
92217
16258
97901
7347
72838
76604
19933
31926
54391
86734
11832
5484
34810
13887
1163
43375
16559
4267
53642
2293
5675
50971
3115
61045
69434
77499
96522
1287
29335
15837
60302
53679
22313
39488
61386
53393
47529
83763
23682
18710
26737
21917
41860
99931
9234
34510
61911
85398
31570
79660
87340
61397
54443
72931
20038
58309
54354
46713
15335
84321
38785
88617
70150
27478
5844
27550
14
11469
94532
96268
78110
26299
24337
35870
9627
14976
28777
85577
36662
76107
18980
81750
51310
78606
13567
8545
8236
13616
80555
2581
28087
73977
59817
5987
96795
35449
99787
70955
5461
19006
97176
13039
13179
86034
25726
98383
60278
61359
24937
74303
20263
17599
65938
65941
34025
67877
11821
66971
56672
55429
52600
61957
82410
69457
77857
3277
16898
68170
18447
38988
55381
35136
69848
95887
92201
1130
67609
24250
55931
6240
55749
23936
27024
32281
33407
44176
8510
23890
42133
64485
21987
74958
63150
4421
96699
81603
62107
77996
27195
89761
84460
18692
28424
84299
68667
68281
22516
27856
72715
14039
35768
27376
83948
8533
9386
38896
86909
21435
73666
53355
8411
25765
22896
73378
14378
19470
55201
40203
3188
50007
51919
91369
16917
2126
3136
25226
70340
33946
50524
95840
63384
40260
4587
11255
7142
55756
81433
84008
99364
35652
18055
13836
55204
59108
30583
88026
32165
42084
34790
45834
12336
7984
55250
72795
52108
78002
86027
43508
62975
49062
18966
20641
91685
9858
46997
23737
76589
58738
69706
46649
89770
11814
44161
46735
7185
77461
24324
80123
98497
13138
15450
70821
75282
85348
68282
6133
51740
9804
92108
13319
17039
41934
77228
46235
70954
60449
33873
29861
93624
45239
90843
44682
66024
42621
69154
50860
18932
91376
30839
96244
43816
30980
86723
67605
83073
32590
98566
44236
37870
78400
52264
26658
19983
39365
13988
48196
36323
59117
51554
6811
44036
99440
83441
95161
7671
25577
49033
24712
8516
12797
78958
94979
57212
66036
20254
88814
50308
32510
55622
18645
13442
59130
78376
59908
85472
91131
50648
69141
83745
89585
32541
81480
75570
77897
91511
6568
22474
69092
22627
606
45069
65647
89671
68787
12746
61775
41453
64541
86348
99415
97544
58397
63834
45796
25730
15384
65521
64425
59780
68826
59714
90943
17651
92832
39343
881
1096
20624
58171
44706
47066
44598
69662
7320
11026
38668
20811
80295
38011
16085
9080
16203
36727
25123
5310
98145
53975
89290
21975
40511
91664
71565
46825
86339
44005
6636
17669
39199
49541
65040
81548
79912
7507
20306
9999
34415
84035
99951
85972
95709
32338
54311
17216
9280
11154
5617
92515
29469
92877
26080
9967
5676
52279
15869
59863
38324
16961
91360
47860
73677
30859
40766
7612
61678
97194
20903
91459
94382
19670
65186
71711
8527
9632
69606
40086
6371
53074
2955
67119
41448
17237
84550
51381
29759
62065
96847
27291
38550
67495
52375
38373
36596
2304
76853
5994
98365
4210
96418
44468
24277
7026
10593
87860
2292
92783
89532
27885
87873
17323
73186
62090
74063
6120
5321
75855
3522
62437
37681
14304
59221
27019
96090
51339
8268
25699
57851
6536
8195
82910
19548
48426
82168
43875
98296
84422
59634
11838
18590
37229
24161
72411
63659
20504
97822
41835
94211
69821
93344
46352
84938
83900
22002
10265
21779
78548
39845
7787
77102
52768
88736
91674
16531
84470
15322
12848
24428
48988
86148
43746
27648
22582
23923
78020
34555
37628
13539
79653
38761
90733
4004
81187
54649
19300
80480
83262
35606
65623
36935
62610
89161
70277
22548
59271
4789
19057
48316
13257
95773
37202
71421
52483
30466
31862
31514
79326
66919
1213
85960
48204
2357
53148
88705
93173
51866
57695
63388
99953
3386
26854
40483
30726
607
74322
40225
52276
54018
16621
99050
26032
83348
46066
58954
75669
25561
64659
80571
96999
57570
90699
70394
60033
8888
66541
23261
52732
77282
8056
70500
29887
74328
59829
98314
54662
68990
58209
85807
39817
564
30655
27954
64640
2735
5114
76440
63528
7044
25714
41143
68650
25173
52453
2772
71572
84327
22443
88225
5755
35288
8926
80076
61392
74059
18861
20685
91948
90448
1605
82639
93810
9764
66218
4173
99481
90920
47116
17572
72027
96994
90476
378
60165
56782
54491
36146
46428
25801
42732
5890
56934
88432
14953
695
50594
84617
62610
16445
62880
67014
97180
42911
3229
83626
63217
76832
54300
91499
71419
91803
40414
66404
16719
71416
58766
63914
52529
91937
53553
418
68849
58143
96028
46137
76305
40010
98521
86922
47130
16605
71275
91176
12272
24438
19260
91944
65443
90301
37807
69984
82140
11831
41271
2766
13389
72849
15694
28348
67114
40913
53356
74854
30054
30077
90339
14696
32687
98572
90476
9333
49982
35234
69955
44710
15184
4680
74057
56703
49723
51389
53941
3731
35778
65063
48654
29074
11019
94100
80742
82951
35567
61450
46033
84327
26691
62804
55507
20363
56424
74876
78682
64076
55438
87816
95473
8424
11961
88433
66442
87886
62684
78955
55343
75767
56572
40734
13834
70025
53380
78666
50122
58969
69462
60765
97997
17837
8190
96252
34157
93752
23518
93079
60172
66029
15698
60020
46912
28980
38301
80676
19307
9040
46269
37128
39614
1521
41326
70515
21427
75166
52950
94576
15849
48852
17200
13216
90067
42822
88470
37159
78189
86062
21694
21806
99064
30236
53484
46931
36995
33593
60706
60173
84695
31202
69554
56341
46790
13697
42029
53417
90783
2841
72489
1360
28008
48471
4980
32658
55758
69645
74627
2941
82877
67406
26965
91026
75131
90211
16452
87914
29131
90044
7711
66306
85604
90598
36431
93745
21946
34617
27630
54152
72218
58241
53565
26908
20275
3642
77498
58403
4744
91072
58958
9789
59687
83660
70375
84554
49615
23319
80301
86149
70750
71709
89570
49080
45883
97848
79401
41987
89016
14642
89336
89346
5512
12555
67662
37726
19088
70407
96610
14514
23366
79220
29069
24751
44095
21045
16638
11322
1660
10214
30067
34515
60866
30611
56814
9882
2178
29706
65921
60781
78321
16991
49134
4479
11373
42901
36048
80894
75180
60996
78424
75982
6608
97097
41331
99911
59761
83232
22199
28018
55152
1333
99124
98179
18153
12424
54837
43075
54180
91791
71986
95418
24269
77534
76500
13181
6103
37357
56614
10697
18594
70167
99664
66658
67910
446
51593
31928
38319
3258
83851
20308
61720
4598
17962
68508
90950
25231
16367
94551
30757
2960
49423
11630
57332
53899
4097
32831
17443
68584
60884
89333
29350
88747
91174
47528
1867
89776
83522
22699
5704
22478
23304
91020
79233
10119
36832
92629
26706
73314
83245
4697
9084
5698
43263
62148
77289
74726
73826
28072
91421
67526
25374
51639
47462
97939
77728
65331
50294
44882
20657
50650
7757
61602
1211
45201
4747
63465
18895
97506
74144
92381
73766
93873
96172
67834
23311
21010
62246
76229
95560
6774
24631
53914
7335
93839
5348
55255
96451
10516
67783
43125
20801
73238
66969
70521
78944
7510
96459
98285
76924
87799
81402
85044
23646
99453
64749
18067
71606
30737
83670
34089
65897
92348
8048
35568
46768
14890
60263
58342
35768
5989
36053
56019
9610
1030
23771
32817
51692
72331
44519
36364
40366
20237
25138
13700
62284
53700
22933
74927
24893
60877
66006
47071
91318
72790
2056
28076
20186
56804
84231
98758
63398
17370
42377
8429
61004
717
43148
16253
52803
33673
1289
15412
30035
38000
49040
20699
49423
2110
5920
13135
22333
52234
55916
60049
38887
26599
40663
23515
16488
78490
38218
41098
4508
39393
17880
44932
93610
43460
88463
24130
73623
2650
41754
76044
31214
63335
28113
20692
44441
41039
55151
30673
8504
82559
72063
52048
12774
26423
42535
61965
47101
24901
89050
77627
24928
64264
26338
92374
6226
58790
64173
43309
13068
77531
63046
54560
57264
90056
92297
79696
63690
49845
63752
32133
77470
99164
10409
81520
76678
23477
10357
70904
53273
37016
85402
9197
43928
44483
6682
48943
33831
2630
42383
58491
33801
6378
32844
55622
68337
52566
34976
94228
65503
68493
73149
86615
35133
70574
76130
68654
12492
73310
65764
10842
97639
73971
35509
4653
70642
41345
55413
20076
32650
2379
76309
16360
23341
63107
10408
77514
65271
49912
4260
51101
67285
62192
5746
94949
19226
28765
41536
95419
41649
34752
29481
51555
22351
49496
80954
22285
1628
5854
75406
95496
25870
8480
57101
28229
72715
19719
41709
38022
45483
56142
4408
34332
64431
12712
41289
48904
55597
27287
76566
87202
62864
79033
95966
46893
4430
10583
77654
40566
40201
99212
9180
8871
30036
22681
93760
25932
28689
19078
35253
50458
21779
71064
17431
94993
35599
91815
84299
34140
82374
91460
32180
67217
39933
72435
96276
84339
33450
79854
81657
19035
92235
47811
70815
50515
5010
87344
95883
28392
67234
84367
76522
74121
73381
66975
19810
56205
365
7442
92679
13066
12306
63314
73167
90744
58856
8088
99674
30015
6707
7257
92284
42957
82921
12663
43661
66920
3064
82610
77803
47518
14016
29225
49411
73863
34557
70387
89651
44249
79915
35341
82633
82238
55013
3681
95090
78138
218
84243
20720
21545
49657
83418
45943
23584
81948
17480
99284
731
12857
6212
71685
89875
22524
32273
54969
99278
53559
42094
4828
96397
57011
54485
74650
70786
13736
44522
88738
32089
16604
97935
2821
57277
92502
28914
58602
22756
73265
3765
2054
69106
5555
83271
33745
24543
2279
78852
74878
71758
96821
74479
30258
12606
25668
27581
86653
51341
70173
39089
22968
52596
81284
64575
10837
35614
69399
92181
36945
89949
42648
97134
893
46528
70740
62064
9135
89234
32508
10838
50719
37780
14998
86898
88820
30395
77478
27333
40062
46493
2846
47584
20991
72889
93797
81531
73071
69386
41691
95600
94448
39306
16364
68270
92509
16189
74276
61338
52854
19980
28693
72213
57234
41532
45169
64650
57382
98495
1979
43198
85486
70947
62016
60498
99073
7030
4508
64466
93339
1035
94110
63537
36972
79772
71692
71166
29693
2965
10200
8263
24413
80612
65544
80119
6212
60292
14252
13877
93808
11945
98131
22155
65117
640
57623
69352
32982
17154
54220
22050
62865
3607
27264
72696
22296
20035
31796
66433
74652
87533
73532
78233
97727
40529
73117
10271
58977
42750
21520
83301
63503
75974
85413
84096
84212
20173
54331
12797
79888
60762
32733
91656
13063
1063
4734
53253
25940
74
23071
75252
79228
32267
30060
18845
67655
6017
5050
97191
94886
80516
41474
97656
31068
78714
52903
34281
73943
64902
58430
10006
92336
25480
22745
88332
59719
34342
59685
70813
35275
99348
47900
35697
64925
63458
89211
33197
31940
66657
32500
56676
75979
91758
28290
42197
27007
38142
12621
15388
1458
55760
66439
17655
68662
1383
1960
7041
13717
60098
41511
80012
24283
8075
26811
44713
26127
55500
61024
80367
2199
35458
79372
83239
26382
19867
72224
16665
8100
892
37111
22433
91860
55983
5315
28014
46035
15486
68118
73373
46517
49127
43020
57348
40221
55483
61100
80882
87676
69102
90032
38928
28336
28547
74051
28948
83101
27105
46725
99667
72909
26234
22543
73416
55390
31115
3565
8675
89602
94895
60358
63688
34851
8362
88642
4658
86205
55122
10843
59493
3747
37476
23851
50630
90124
67956
992
42752
8552
52633
84552
98421
75730
32007
52372
29943
20681
89497
83073
89336
8450
65221
15609
78966
26468
92257
50382
10119
77633
28857
46587
11088
33832
91361
76430
37736
63816
69615
90536
50182
19861
67064
44161
57926
95093
45196
32562
8101
39156
22086
95487
57590
79157
97819
38249
92014
93992
16666
37877
36463
78053
74631
18429
77644
88924
6407
58351
99084
58833
78178
77922
65040
42721
56453
46202
40992
22408
41333
89076
38992
94255
81486
79735
99559
42098
80674
18306
92575
81393
50690
55272
49295
51887
39380
25233
20289
47617
98874
17689
36020
50235
21905
4046
71534
70237
30185
25433
57141
31743
71692
66913
81871
41050
96057
81760
80640
74394
59690
77297
81121
48547
68790
8354
22369
38461
81566
1111
23220
17944
1826
58365
84830
13349
71393
39847
46826
96041
48271
98230
68728
73205
16286
65055
59989
30136
6804
97703
84399
76595
27470
35260
12130
35474
80976
63172
91999
85789
87379
64021
65648
15689
21415
14206
54654
47230
74272
88882
66043
74956
45150
36311
64663
80418
65130
92692
40317
86449
25759
50038
40775
81410
91560
15136
25650
37065
68544
31351
26734
72873
92507
16467
64409
803
5726
29939
67990
8222
60926
42371
43049
57713
50105
21554
83100
2583
32730
63581
50669
50943
5265
4123
35493
55917
33138
850
46750
30697
88842
80143
20553
12368
72506
21729
35019
91247
18983
66455
53695
89791
89701
36909
51234
36208
60639
38920
61270
20709
63656
50378
49111
92979
3389
17432
99889
11934
87929
93470
75545
64947
63840
74503
83002
83473
57801
14040
27206
29478
71296
20028
86271
49168
57864
81970
47802
69562
62910
45447
41052
31047
29526
34881
51376
42603
65880
86401
75806
87715
69311
73041
97296
50894
81655
18548
64365
37480
12970
38532
23441
15988
69368
1808
58395
1768
6544
68879
8595
96014
50017
87250
64234
71662
16539
17648
64681
58011
53225
31541
27808
10054
73300
47785
86883
98382
34100
13660
24574
80137
68043
72605
20712
46108
51808
91728
70139
74644
34242
29
24562
34952
2866
73908
64958
75011
78253
35394
35962
30519
41764
56433
35003
71421
1717
96148
97757
58606
48357
15914
49580
2019
94008
42597
91764
7388
82299
61545
58911
59451
2220
10983
67965
20607
20732
1758
17647
22516
34263
68429
13574
78009
13329
72298
58529
86587
60439
9732
94898
80948
10722
19428
87882
10896
98295
70992
23593
94774
26568
22010
30456
52642
39702
99292
6241
57678
37464
82900
75256
34198
40878
39778
39790
14865
43645
23987
77927
62512
24036
43742
18438
72498
99660
91471
45361
20066
18537
95121
84256
10258
49865
89766
88514
30873
90279
16791
8093
18488
66949
20251
40693
21637
40605
75159
17482
55702
7131
53181
75174
592
87555
39994
54592
7600
12016
99475
68027
20677
30937
92363
98477
29670
47362
36501
26177
3993
57585
10559
26289
80069
18199
16329
51496
64244
13936
1645
15373
89575
28097
12997
9655
96966
2505
28898
72806
97931
65106
95079
89940
70176
75744
78956
48882
31948
49710
93836
59087
38348
64363
23358
35952
66396
4513
38451
27133
74304
13451
55408
27742
71791
72325
75336
10273
48345
41455
34131
73160
30456
90414
81921
91586
85880
98470
99410
33434
85397
35682
4267
95721
53621
45293
52651
59330
32719
49223
55199
65760
81588
17932
94672
697
63274
52449
67783
85204
94828
15928
55487
59145
19442
37477
13874
47588
47609
10822
74608
67693
23283
31064
74756
53586
70805
33350
31596
21481
63693
41694
30097
57012
2085
8604
29199
44582
7867
73715
7080
33866
12624
14745
90241
77386
59355
58968
6044
12602
14733
59144
46551
30866
13109
17537
65262
56171
34277
77883
86515
7663
89488
98597
71112
98342
58047
44922
66656
40950
1825
79930
97929
9065
57763
17201
82705
94267
58618
74982
1130
51444
74103
2345
58710
48403
32955
95148
53189
15156
22575
64276
47191
36563
5122
87057
55027
46013
56568
39153
40295
13006
50634
60279
85842
85748
22965
63405
79731
27904
10901
38490
76217
37158
67931
77965
11866
34647
23001
70914
86748
82909
14708
81028
59069
16560
43863
16305
62077
42756
16806
31900
11141
87154
47394
67020
30365
24562
68511
48371
27922
14827
7266
63409
1350
86319
44792
85119
37916
45306
33641
53293
87340
49936
25039
2975
28393
6962
24278
35351
38497
66595
83277
93533
8085
45518
39705
4253
72149
99064
45228
31348
68627
62870
43291
50865
4329
33964
52679
51604
8800
95112
82326
97088
81842
58924
38862
48629
12547
86263
21446
6428
35722
20716
92810
95628
15150
18938
76686
77972
28352
77303
75951
86191
28852
76374
2474
58508
15641
49263
91982
22311
78651
12827
17334
97156
7742
89871
55693
17922
89651
28447
42556
57201
26366
56824
15468
22817
70981
61615
11010
1985
46447
22500
2969
94890
8243
5632
22780
9005
65692
13853
37182
51256
99938
58627
6052
92391
12782
90385
72132
86292
62872
15755
26577
6576
58416
19588
44600
59910
80365
51088
36592
51041
8022
11384
7122
97226
53803
33031
44633
28792
32965
4699
28042
7106
7466
29500
86416
73226
92280
4531
56466
68389
90937
11627
60522
93146
8716
42310
23527
99385
74589
46521
97793
46413
91703
3465
72892
12116
15388
21726
52490
93535
5683
92080
81698
39100
56434
20963
92268
75836
82993
10455
88806
49918
98499
60372
40017
21575
18666
61952
12220
69372
97507
92862
55896
89502
89211
67908
14730
22234
49666
68515
99966
73993
81663
64704
3475
4901
65457
93307
18272
96293
51931
15034
89791
86888
20892
46874
40199
77508
11135
38040
25256
16447
94487
68214
99385
26918
73758
7645
83351
21782
98187
74363
55532
8075
81052
46938
83237
42157
41787
21935
85545
84216
2379
59999
17120
56970
3063
5925
32402
17517
71797
33923
53341
24142
69817
78265
51892
69265
93959
61908
4999
18877
5153
73247
1470
37927
73565
88757
24360
65276
17906
81871
29019
89760
126
87506
55850
20399
19956
88770
22780
22242
76171
6513
81051
95747
55135
68213
84617
34926
37477
49348
79505
59902
60458
92707
71626
2282
6118
82218
39810
97470
85251
50806
22220
36406
24707
28695
25154
20721
80906
28315
59181
4318
5967
86063
41855
27979
23385
74089
94183
56920
9082
91651
67548
78592
69269
40801
23633
26343
84853
11878
1177
45657
8659
27045
52409
2471
91071
59286
11984
18725
72767
31825
18931
73772
92100
62513
41685
19526
4160
53054
92474
95360
65543
86622
58718
20003
96119
43724
96138
53172
49590
54143
96774
92256
35968
32309
74491
83257
95589
41607
98841
72630
84123
24433
6973
60056
80250
45318
95891
57081
70236
40943
7666
12633
31043
56605
49263
13352
71785
89291
11598
89431
10041
14473
84640
39593
34915
27807
72380
77958
39463
96261
27720
72732
12452
54207
74125
63155
82625
80610
50622
38984
85802
33342
35188
41630
3698
10335
21376
56804
87795
73099
89672
67762
59736
64858
3742
42017
41993
22155
69043
12037
22638
34143
76957
82031
54292
15187
36020
81985
9452
38017
8324
26392
93183
61024
43676
39438
69823
22793
36049
59717
57553
29212
57773
33280
52946
91290
66268
66744
17256
19066
8850
11109
56105
30100
43587
3578
65893
43103
53152
46382
52163
50464
67011
82457
22414
57700
69514
66075
54693
78110
60148
40397
70120
43459
49879
97205
39307
22252
26663
42928
92829
47964
68315
50177
40084
2452
34484
87788
28653
94376
93894
67380
7273
41701
93863
65437
27914
24573
77193
17027
84831
49825
92388
28167
37407
19604
14922
58641
32188
47384
48496
70886
99160
3590
78359
81711
21013
58325
67502
49732
23562
58029
52456
31370
12987
57655
18829
70672
52555
86353
20839
41710
73208
17291
67590
21394
37031
70755
26109
53753
2670
66319
74893
57470
50831
79926
55304
94852
34690
92957
63871
54253
83337
17628
58546
2038
45947
8993
5464
35998
22874
92527
39514
36736
9139
64047
84614
53488
10668
54109
32657
47279
23430
73992
69181
96882
21238
1555
45351
76926
64891
57741
46821
78629
57021
65564
40294
24679
9393
77557
19492
84417
70757
81760
39630
12247
16690
37636
85034
12495
17585
60605
24082
73964
78315
38949
68272
79387
22102
61947
42623
32700
84540
74555
20227
48430
54790
74961
73636
75418
49188
95727
5789
43529
30493
88276
33075
2190
83357
73081
99403
26124
7324
509
74641
95005
73821
91045
2224
57664
70455
28729
25891
28790
11205
48760
83595
23750
53468
59668
18285
58405
30656
99748
72998
20023
51420
29927
64321
72999
1195
97345
88204
61909
37487
16101
75228
42113
19893
50289
43057
45352
25082
40217
45073
80484
52834
39362
58217
76512
672
86021
32694
60281
7896
33493
85006
87293
25847
11848
74884
79163
46683
46270
23681
24883
88464
79693
62057
69639
91457
50335
96239
43420
31366
19945
11447
49683
49592
76931
1038
92885
87710
1275
24124
926
65294
18372
47018
42567
26611
93064
25631
69097
86598
26489
18823
49557
41647
10558
6551
44515
94221
64267
2136
25995
65973
18117
70784
59150
35588
98958
44374
62478
59840
99359
90811
99068
28412
92275
62245
48447
2670
74025
33289
34074
97204
7019
59757
37187
74579
4649
36787
22375
95308
8608
23250
48826
32240
3636
23325
57603
34804
80527
72092
20859
54365
40863
45803
39197
72949
95952
4374
93884
18412
96884
36970
33445
97005
84828
72935
80636
68928
35275
91499
74303
98794
18021
26819
79986
37192
68271
23570
49993
82194
98861
27579
45519
66676
40257
43821
51366
30761
13248
73165
1667
73927
91120
27879
36424
34771
63295
73677
69565
97592
13332
98486
2087
54776
23056
60180
20882
20372
69113
21243
51463
31233
49797
6191
4088
56424
77123
65947
12678
55512
23889
32586
64455
74629
40763
37680
16559
30338
80728
4162
30450
14018
18065
5830
62305
78029
10595
22302
65321
60004
26947
8942
67329
53011
86959
77330
98255
92347
1176
2646
5057
6413
41446
48934
15183
31461
28883
66118
11852
80582
99116
29328
2470
35548
92192
24876
73277
34007
4755
13245
90488
16879
72156
807
968
7961
24119
7602
91398
21278
52870
1598
20978
49592
50795
8776
59722
88623
12731
13055
73503
52154
7719
9518
52709
3052
64373
49210
95651
88713
76604
76529
69051
40139
77300
75824
93350
11533
41550
4145
72368
2742
8101
63600
85058
87850
34918
58066
96105
30929
66155
9602
43061
15451
31112
26561
13761
31260
39098
48650
70597
12909
70449
67074
50926
18209
50009
97534
8740
82941
31862
60564
30380
11432
81761
77940
1604
31468
1294
57129
36068
2066
11382
2533
80396
62383
3458
13494
36416
45952
22829
46046
83039
86910
6947
67933
82180
72873
82471
71218
39817
22771
72175
87238
38368
41973
77515
19470
76802
4459
88042
48365
41200
90306
86733
60895
71700
19258
20055
57668
7675
91077
6347
18400
98412
23556
68160
29541
76800
63130
10642
87248
90722
86982
25960
8701
87082
45880
66698
32658
70039
57947
80797
48378
87690
74863
35974
46502
3042
68427
16771
34082
64038
29562
87569
24131
98514
74966
4332
1058
55437
48243
6948
17822
95303
62832
51284
20890
22931
36324
26954
29766
77573
2418
44956
41204
44918
11165
49890
94499
41331
40894
48219
71317
64656
42170
96860
19476
84603
7735
2739
40828
72727
4528
98155
6081
55153
17189
79970
71933
85535
29885
12392
47020
26928
85034
49995
86721
31332
10217
79432
91263
52129
28409
3681
32175
59016
5578
59391
87611
18926
12233
63052
41029
5416
11423
54229
59533
98081
14003
52561
3391
68110
33737
59992
74698
98894
75450
44540
63446
11642
51280
33628
53578
98223
83348
76351
72011
16663
63581
6605
2453
33861
5220
65462
1681
57804
75825
28475
57321
39988
92199
32440
82254
97720
76510
59940
92486
98277
52161
28698
53851
55445
15875
73534
28976
89825
20780
41069
83887
56180
32527
94378
72338
39441
84065
85596
73452
27272
70080
42748
39545
87332
76408
35515
56238
80671
28907
88947
98318
45707
10456
87595
6412
43068
35223
1780
60004
63318
56327
63394
38642
50502
25086
4204
24975
1428
93965
29500
65234
28123
87438
21487
69151
42578
18809
35018
76612
55548
44226
57843
95770
95915
90394
6360
79793
46582
16404
75127
5842
21914
61612
89573
99770
93643
12252
54201
64466
8942
40014
51521
58706
29314
1462
19238
97911
60955
91378
1990
52988
70061
19665
62676
43151
79772
63363
62919
97748
90751
39652
15445
58972
46884
64391
83807
86585
96369
69661
52092
28715
22387
54759
98821
98354
69948
78701
62663
32916
61092
89352
46819
85804
69963
967
29171
7801
13453
5694
64684
1864
70058
25792
17345
29556
43644
42638
17467
37061
94731
90395
28532
38238
21151
10653
34737
66484
30553
73955
45225
53871
87474
62304
7110
70009
52500
26808
27321
76649
59349
22112
79410
11824
40834
68608
96031
22840
92220
34947
46825
61909
9305
86869
32230
14941
68063
8306
92890
16296
20034
4662
73001
23103
86554
14854
1434
77136
20168
26973
94369
56471
76525
34720
52737
44117
21945
83981
58434
27488
3553
93484
71603
46161
2322
44553
59783
28542
54333
84935
97637
11249
91157
31141
73271
39985
98518
94276
53618
64049
23960
51919
613
13674
83449
6000
17175
86789
48084
29242
29840
75545
33962
30103
15141
53549
17049
69007
76602
70875
77039
15187
5179
19111
59421
21797
66961
29028
8766
27076
59504
95531
62445
34356
50626
85593
4145
9335
80705
49156
36091
79540
71719
6050
84721
60815
76976
78597
46700
40891
39843
73562
52617
35050
86550
71163
66950
27300
60168
51747
79538
92435
18263
27873
77909
57571
4266
83260
63856
73712
40254
90878
86134
54410
93205
55757
11159
13351
38880
46967
56546
76079
94542
96466
87236
64124
55174
48997
17578
72924
23985
16544
71022
18409
20205
82747
78210
24462
10348
81668
27336
37118
41573
12413
28114
63649
32622
91910
62892
16346
80528
53931
18503
69262
90724
45540
64624
80942
48769
16746
1648
32982
42363
22033
68056
12972
75251
20642
49340
53558
98122
92918
37277
49183
92461
79570
21519
97207
33351
25534
82299
4810
2285
88406
56195
61513
6530
87266
64300
58541
75736
52855
69982
22408
56884
76313
12041
13206
15322
47580
24439
69897
84547
86526
90785
71123
66953
68284
29173
5878
25912
11654
92545
44491
38256
49672
71973
45835
28392
88174
30697
91885
44277
9430
79725
95420
41111
23110
54773
24044
43721
23146
48143
51312
87943
22476
87832
78364
5457
38402
83903
80713
4928
66559
89097
42291
24369
81456
32983
39798
33462
23193
69843
67156
64522
96352
34210
26281
12974
59792
91785
81146
93359
24448
99707
67217
74048
9765
2457
19322
91962
12240
71930
27456
63629
81007
45504
39818
91842
44152
32748
90545
80590
83732
36747
71250
8655
47363
54698
64534
35153
43086
22433
58413
70164
59734
42653
33656
51852
5082
29100
27986
37247
27556
99862
2296
37486
7432
84001
6279
63876
4397
6399
79651
42966
9358
82655
519
94266
77451
2379
43649
91897
22029
24772
79672
95507
55277
63954
28650
11355
85297
86186
86837
20336
97176
60567
39711
37303
73145
64121
34290
79940
44082
93872
14419
76134
29680
58464
67579
51907
37645
78899
12741
40453
9519
91004
29715
27276
71959
99399
61414
46358
9037
1478
62895
49066
30836
47511
14650
83392
82067
74558
83694
99116
48818
63526
22673
33773
95527
78852
67081
45198
72658
54536
35621
7955
67991
23223
52212
11185
42948
5422
14181
67468
32964
86064
59024
90792
60325
33339
35918
81991
96850
37840
18493
30679
75189
40091
68026
64130
69851
85573
55600
79869
44854
5376
98336
97995
91219
29567
1789
11352
20935
68039
1247
87126
55018
94049
17890
78061
89005
96864
3025
78521
9653
49787
11525
68402
70774
48323
99790
93387
47136
8577
46073
34574
74650
21758
89852
47707
41020
72373
92059
1016
83374
72756
39031
51424
66959
58008
61316
5215
49905
73112
89291
90678
40536
59657
2902
40689
56156
40165
97652
37973
56435
18587
48100
48888
63845
24336
24753
46344
68902
39224
45717
28713
17853
47782
9497
78869
42333
21469
81316
89056
51612
73745
21848
48154
47486
35757
65721
37305
81820
78341
37382
2531
86856
43323
39776
13267
67002
59823
18194
8795
39476
64480
44723
42856
51076
56368
97319
26273
46488
86621
36143
28190
17082
88738
34537
96853
61006
39628
88390
27442
1252
74686
54022
57829
39901
33611
34223
92118
63104
26672
50104
22639
88597
1697
70595
23879
60189
6832
9530
8038
11895
59667
31921
35030
71595
75857
45826
69328
25240
15277
71276
99258
64972
87804
31526
18710
78721
28747
44814
64945
62735
42200
18929
27486
7011
15502
47170
29441
60864
25230
95599
18230
41805
94604
76924
66016
93961
92150
65429
93501
80427
37104
47321
79770
69686
40396
33177
45182
58353
2889
66914
69157
36430
16029
501
27745
26251
61272
91148
89840
66975
94387
61442
67007
49110
70332
86148
86197
1609
31861
94116
30855
25720
80388
30369
30900
27806
73873
58605
51945
72301
29203
6455
28162
35063
42426
24399
25758
52584
46476
75419
9008
6707
17574
97840
64392
25381
22319
52988
57193
18214
97369
56693
42716
71963
81899
53281
57701
71418
81117
33801
12455
21198
4339
46870
64976
25609
58153
85174
87246
43571
41774
34146
4851
23170
39852
91815
23486
70944
35997
20379
43820
33581
26099
47521
50423
86428
95095
95249
36579
78163
29289
91770
78768
16573
99586
85562
24253
27610
96376
46499
8475
76110
65497
87045
51180
56672
78123
36560
9967
47598
75508
58627
31221
79670
92513
81209
51135
95535
19070
6178
23917
60219
39570
18620
4560
53301
37263
78560
13649
8093
50334
10738
89306
94379
50580
63322
32274
56630
26001
61399
47767
40899
94782
16435
15075
74167
71801
1966
64648
1609
56180
63303
86936
81392
69121
74697
3070
11404
63617
50479
44699
77107
89020
34097
62028
86301
10805
14894
61851
29673
60095
93755
15790
36605
5038
61128
56470
57040
50269
13186
4499
32529
85444
26259
62715
97011
13070
90169
70288
49165
42752
31041
45778
78533
46308
41790
39246
83881
45694
59817
48130
20775
83529
9792
2224
93898
90922
8033
69039
14243
8773
61932
22831
82848
23172
28023
87907
79158
19742
99247
14013
15629
51985
94559
58772
46917
62825
45232
68283
60435
32065
5282
38931
49075
70847
92747
58094
69156
43305
97247
23417
78543
22341
63498
80206
39577
54111
71894
87847
89184
21058
27714
75525
22426
76188
20209
41120
72025
75495
91786
72702
96993
84164
93499
37871
93230
34452
57376
74954
83738
21620
89074
45285
44667
4871
71581
8044
97890
84149
26009
96771
19656
84248
98530
40743
10959
9396
84954
2738
39925
88021
87091
87550
29519
12600
21079
98532
18246
88230
81673
34512
89750
40089
37837
36846
98054
36679
36181
35251
14422
61684
47931
25430
3646
59429
8782
64652
32630
48594
71619
89528
27271
83154
73951
80058
27186
3657
33172
33590
61451
46046
88404
74580
56829
49604
19062
70657
47997
4329
78303
75418
54945
53729
44079
52920
70479
80266
95420
19139
98029
76414
83844
99670
73407
80382
76993
56749
64552
70182
87075
56855
96692
66550
21724
16947
60990
91090
85221
4056
95999
54449
72296
65003
77080
24995
58286
96055
7609
1278
90751
88720
40418
36051
55154
45513
13689
18918
41494
19691
67533
78249
77692
75268
7193
46564
81191
35368
60143
22485
64365
81970
53019
38871
41902
80341
19938
69787
71946
57108
89515
85440
48738
38529
75956
61970
36980
81182
72259
3798
54105
28300
61108
46997
14599
45390
65581
48125
75577
23991
86101
28306
47471
48062
27682
30742
13342
53162
96673
86731
14853
77263
34395
83098
81857
82851
6720
52822
48128
9798
36270
29116
92207
86669
74755
67661
4918
89248
65853
9904
92253
7729
21279
49496
33531
36678
94909
21472
85032
75528
53057
1690
91453
88708
8255
2297
81318
90734
16100
68458
52137
49755
20251
68549
38232
54029
10571
62749
31927
74177
98388
28191
94348
72476
78281
12874
58911
49784
99201
27966
6288
69980
63672
29540
39987
80437
36147
23494
59494
83557
29697
1089
83801
66903
80448
77778
50373
62711
63374
4454
92213
64710
28647
35364
27022
60928
63485
693
12456
75323
72636
15008
63110
58301
50361
59624
36133
66532
35598
5637
44417
66476
13989
90506
20815
23017
16400
23633
46051
40970
28417
34740
8703
49431
19225
80120
75034
36593
24461
37970
66159
50020
72980
67376
8574
82259
75298
25710
41108
1692
48586
40568
82447
60388
74651
8764
27030
96282
10031
10225
64
87113
23584
74938
36389
98852
40890
87736
81815
78890
87383
74738
21308
92607
74323
74116
46044
541
66649
72333
3171
99971
66291
62615
91715
43149
60860
19208
99351
99940
68649
59522
21328
87509
23129
46482
83155
28886
58279
92426
74516
53166
66945
5393
99746
81455
72248
40003
70007
70549
99493
54226
52457
71721
95777
87122
19846
35160
23506
86377
80998
81338
73654
75460
85092
47510
56263
31863
39761
89352
30445
54741
32270
97961
76130
77476
58964
61008
99723
68689
52825
54985
26844
28076
5159
68229
84548
54122
62965
57129
75750
74345
72816
74701
50252
65299
3955
67936
73788
98452
56361
36974
30159
42509
72758
38359
70526
49983
27422
27044
89660
65371
92387
41538
94389
34322
77385
75700
22797
29801
91342
86036
45363
2728
13867
7227
4156
3256
96215
15466
26443
20347
92575
93920
7911
18250
54893
88019
19404
48972
14517
89786
16107
77815
7682
75702
76585
54709
59401
88999
35741
65838
96131
76384
55860
5144
21653
51740
48948
86129
78822
74811
97510
88132
60957
22235
73720
10763
57328
95870
96432
8986
15686
44548
31855
5433
76192
31870
7244
79223
74740
22607
78575
34589
43377
71649
76819
64030
83209
19542
13234
23950
91054
97700
85611
49389
33277
4686
87556
75486
17843
17699
44480
66136
80466
60336
5848
75052
90750
27220
23869
79864
18228
6805
33541
56977
39373
23559
10993
3731
85572
95576
69894
45033
14204
99228
39284
84146
60680
76853
12162
51722
60389
18388
11274
28277
24525
9003
17061
52565
26542
50223
60605
87223
17050
29895
52375
6256
67002
35460
89044
83918
55425
17366
87696
29870
35021
3453
44701
11768
74135
32492
97196
19173
77127
59095
11555
52399
73954
42362
88632
20195
64047
39668
96593
69717
34794
4658
66617
59156
65747
5700
8421
19081
26293
60705
34244
10898
16318
48630
90959
92554
53223
56771
7537
13477
30424
64385
18522
49559
91699
24230
49383
91238
76518
11561
75053
69974
8504
41541
75787
46836
95820
64321
9334
644
31746
61987
81250
61079
31302
39189
31993
48791
87011
34618
38614
39722
15539
68015
21650
68234
67603
44085
62538
70599
4133
30748
60628
59600
43134
17503
21958
29011
40904
11250
81080
76748
97533
2684
77378
39572
78092
99497
29485
98831
93418
93830
18578
82525
7319
28300
10806
78096
7397
29721
44213
73267
89586
17710
23457
53454
58892
15007
262
91950
87346
62490
79931
75594
73597
64749
85799
85986
85461
15691
28397
42477
20981
84314
52179
34004
83849
26603
58885
55310
76933
50944
53043
98992
45279
81389
6800
48964
59687
77229
51516
65560
76952
97230
62394
16407
19162
28827
40759
98895
88267
56942
23353
10432
18136
89631
19235
64275
98350
47372
38601
17923
66838
14946
49592
66372
68929
72332
71800
73870
52744
66885
64780
22709
69164
45102
26581
91423
80151
83724
90236
55000
23924
57604
17404
61891
63915
5164
60007
49031
46704
429
94649
42025
65654
60856
27767
40923
7826
31733
27101
74879
29638
14278
71838
6329
25512
93891
52214
19445
36402
55393
86433
17417
75590
61133
62653
36757
37854
17358
73781
61674
5993
461
39442
9986
26427
27349
97391
17053
56408
16668
37664
10219
65880
51649
43566
11541
72870
50588
9470
76114
82132
73020
22493
5699
32938
50545
51511
57043
53778
60343
14498
28006
28691
42742
83089
95456
5418
74942
74568
25963
10515
79743
27569
87248
22185
37735
62572
42645
21661
57483
88232
27947
59642
96235
44702
46442
39849
4415
88547
7706
26295
36074
11358
45411
24256
60547
89489
87611
81112
59502
57209
63124
16340
89066
22757
23741
28426
4194
39226
44268
72326
72766
62021
87764
93181
83243
37608
86660
67582
9523
59504
81804
38427
64075
39401
93870
90699
65814
83866
68961
13958
26417
37769
16713
21621
58847
33737
22044
83532
99356
91628
80213
94983
50126
69741
10364
99216
34639
2429
74090
5266
1493
40547
48632
25375
4839
79901
1708
18025
62254
51049
67813
35691
98830
36364
46181
84408
68410
81139
50601
9460
91412
82644
78680
72484
23092
33401
78552
40489
18169
13784
73596
179
33933
80511
94752
10500
30702
71429
11083
54922
57218
38563
20085
31560
27069
15226
28760
1303
78323
1241
72915
65774
77167
93461
75813
74938
91686
90469
50145
96665
87916
67334
4482
41598
96534
67934
90334
97445
97740
11815
60036
84235
370
60450
48242
43319
35898
51522
56657
86415
32059
79662
12179
95172
38338
74490
89817
14597
50985
16273
7478
51606
30082
96895
13500
22278
96073
14074
44637
48043
97640
92018
28634
5692
61594
65395
67348
9868
11049
33248
12705
99912
43220
9555
12514
68834
90393
21066
56265
78847
14865
75754
55194
33609
39693
64613
53871
12136
5131
61219
18529
20949
62057
43244
51517
61409
52638
14487
1061
41559
15072
30079
8475
4990
73356
31200
16534
45855
79268
32710
16311
91481
24334
93997
85086
9221
92910
18946
39446
40873
66539
56605
99644
29143
11620
35780
2013
22400
32739
71536
73998
71668
76524
73280
12922
4262
97488
63638
28049
13465
88437
12307
93723
85211
47854
77333
47391
72070
53724
77453
83441
22577
72491
35005
60004
27401
63061
76914
69744
91560
66477
30968
71015
62640
77938
31534
58223
83141
62067
50734
37119
92087
49016
18876
18350
85551
71185
52039
52198
70978
28002
32212
39394
77197
52514
84212
73305
84016
84662
53890
54141
2749
34784
51106
16616
38859
11205
30862
4541
59654
48243
54108
16451
74122
24607
21353
29723
88495
3716
89137
47583
46827
94237
79810
80555
39629
85737
47436
97111
33535
63056
52176
61766
7291
82087
22356
19600
69944
49314
68732
990
16140
14818
27384
94352
73504
419
61660
27235
97412
8143
42148
59593
31475
90907
84520
76027
88107
81866
15568
92088
73344
23959
56252
74772
26716
95715
67295
94634
66327
50140
43065
7918
61554
88901
77779
73569
36087
82952
64699
53751
48393
35273
66224
62329
84369
84652
2778
65118
37418
12354
47821
89546
74935
89172
63018
52532
26109
69800
79802
86451
16659
95563
85661
69767
11853
17056
55567
82307
2585
32700
8880
38056
43466
41116
75821
91219
77821
66126
45922
31230
74725
40490
68381
41330
32774
82985
10457
50378
18399
92467
31797
95506
12999
4844
26859
38168
70822
25388
27785
97933
23815
68824
1424
15957
94522
98851
25425
42125
42298
72908
55678
63098
2624
5233
72662
71289
24771
99456
82407
29577
2109
46310
40852
80722
4497
38186
53135
72514
36498
41925
73082
702
82379
33512
31152
74189
82277
15971
41818
52438
44970
50030
83769
13170
12729
46641
13402
75827
96694
99686
49079
7770
18231
90354
18414
26479
32107
8846
3188
7036
3365
9197
89671
92618
27610
13853
14571
23543
30811
4670
56862
52055
32422
4966
97623
35687
97970
48870
75464
18837
4834
77456
8068
27115
28482
85332
69188
12490
11670
90299
92780
4274
43365
27841
48705
61051
35026
85554
90625
66639
10345
38362
21130
53862
96759
74420
14918
50945
96728
19450
32031
68878
15826
94106
45374
53027
86644
18709
20799
90669
51961
51418
14532
92525
25300
34378
82676
44461
53960
35527
55606
26008
38621
74144
40211
6085
37074
14649
39751
8477
6006
13457
36909
44721
29590
5406
88350
41011
71633
35840
88313
77350
70687
65532
98574
47275
1546
82182
29674
5800
88324
56547
39467
50418
52074
40913
93563
42532
88549
66937
37812
53517
43286
30762
86432
92330
67272
71915
76085
38653
36027
14514
13715
25867
37693
51574
8335
54289
82679
60007
76900
89429
91962
13174
47201
91189
18227
97000
36298
13911
50729
28287
25990
40910
9336
48062
9071
89872
26768
56991
11801
44322
19435
30078
26379
56626
23568
23690
26650
3228
16610
61327
18874
60031
52213
84774
64837
36480
31806
25850
52471
13738
54994
42223
75174
97607
25681
39834
21460
3332
99257
24116
66180
73132
64760
88056
57150
69035
76568
48817
53558
10216
65764
15954
51334
10023
8959
70026
47752
33481
74309
55219
34249
92608
31751
55139
66845
14106
23614
39966
38904
90022
2776
69840
33438
17161
64984
52579
68103
14761
42781
53848
77564
52713
82152
30536
18231
80458
39954
19465
34186
55503
60306
92923
57234
41755
73188
67175
30891
18212
39068
77343
89388
58167
88147
72276
14533
19604
50089
16328
51925
55559
18722
29470
46309
28051
46526
78170
47126
70508
30830
15573
69625
45549
69167
10268
47286
58522
87024
98458
59266
3294
38022
31026
73467
6712
11434
16780
88006
61812
29475
70112
23938
50187
87595
26172
27616
86834
80186
69195
10023
3956
57480
68839
36486
80574
68018
24918
68910
58687
95932
9444
43824
32199
47133
94993
65254
67519
50502
20979
15738
44810
9638
97704
53835
44096
54711
22492
39623
90687
97062
75352
96262
29325
95321
66625
1718
59834
5935
91658
79905
53765
84973
71721
68128
31354
78437
20952
9194
25231
98006
25537
70150
58491
15742
1697
34124
39515
63408
71313
30108
57667
54211
85028
65468
3048
17701
23261
18355
13148
12124
20293
13072
47154
22346
22536
65588
25762
83167
22236
91294
80864
73712
84317
98573
12142
64783
11557
29763
14394
58581
23462
88991
55979
25447
96463
88218
76165
97972
2436
15946
2190
63100
38701
41098
46172
35883
63659
66481
8249
86552
3971
24836
20668
82771
45080
11119
93340
99516
48796
63597
99767
77271
54330
86119
4773
24262
10432
29177
41054
11515
7086
48009
71952
7044
44294
5018
71895
36265
85676
16356
6181
60477
53172
95517
51362
94886
26372
8728
36856
82049
994
93552
61902
7339
58022
82183
14942
29049
20090
13742
9451
26569
96890
74304
96701
98166
99280
89629
88933
57534
71431
18333
93988
1786
87812
27521
74813
84163
14234
97059
48702
62356
61565
6002
65682
81042
28693
5360
94537
17623
18668
31223
36316
3337
58252
19317
22327
59457
17515
82337
62807
55774
63594
76215
16899
89752
25239
40402
86593
72525
34066
99602
90594
90146
66567
84910
83220
26058
22270
97389
49279
16552
57189
84958
47262
97619
64847
94419
96848
13735
5031
45262
57161
77346
933
48622
74917
39802
83873
48869
92833
30321
70135
34061
92535
73030
24533
96456
44312
92193
8917
47930
62990
22764
8975
55353
31236
45530
44109
82911
63713
70285
55321
22634
79
8476
44872
42218
96536
47335
94577
35120
45123
44237
81798
16440
14017
11174
52923
91872
73729
42665
96615
82746
9884
27121
17828
83392
65099
95460
17493
92521
15048
96147
8624
87707
10015
1867
97083
13120
75559
72421
1061
40280
74402
6109
84799
14212
85105
65849
5589
37899
9850
90195
50833
39858
21252
9378
41453
16265
21040
81564
41885
83131
93391
86808
4453
47560
44253
372
17477
77490
19935
81531
26935
59051
62003
37150
11332
83720
68689
83324
88301
89758
49856
73998
30176
2146
81066
15274
10279
59169
20824
1418
76770
1922
28887
59653
66988
72411
27068
77487
44381
79653
70927
46735
85605
95818
40447
25934
58877
5938
29668
37782
13499
82183
88211
34227
62066
59717
18528
77197
24106
9475
3278
39059
99908
84512
27314
73269
78587
59323
44815
32701
40967
22560
59803
85662
45893
37766
60805
2603
86490
74764
86572
34331
28831
97721
44627
60618
88471
43039
5300
9302
72347
37878
41973
38262
33509
91463
10436
76835
10674
81075
25682
79787
44805
27876
42784
48876
33201
52868
49134
55192
74856
94721
80724
12386
38473
28194
75236
33113
82352
89851
68730
19237
96541
13052
8830
14528
95563
22767
94365
40794
22796
37303
33732
87131
3872
40166
197
77003
19942
62039
88992
40576
44999
74070
10895
62371
40642
97556
17031
53662
96293
55446
50862
60447
17907
39990
59969
57451
32981
39300
82204
6740
10002
71131
33877
39396
9803
89449
70086
16033
51100
83751
96516
62980
75952
95187
1539
53100
89028
71884
74508
94604
17373
55195
83374
77659
56600
91220
18278
82672
68997
44900
94218
11901
60778
93126
76663
91871
48757
5929
30685
71394
71997
49600
85793
20563
46602
6257
939
87295
34457
5762
40852
56871
51260
50041
41912
73884
77858
45067
62922
66610
82174
59863
97280
26916
13738
36818
14243
30531
53620
30153
62358
95220
34812
80371
51777
93239
84454
4273
12565
33368
5580
12934
48408
8134
65051
15301
55795
47867
17618
27142
33845
32560
42177
43177
65403
82793
65864
68959
3667
45225
84637
79779
11272
5734
19879
26909
74013
4037
17734
88123
21674
12112
97810
14077
94324
27226
27509
35960
34842
42390
14793
70682
67549
46766
34855
81172
53686
70558
60861
3097
55864
58247
40686
12064
74431
74584
15167
52905
51834
93346
38770
85844
47857
41539
96633
40100
23932
78175
65245
31737
29180
2692
49358
13078
16856
4156
2544
90082
91120
12118
61282
31484
67008
80277
82775
57487
14026
43663
59417
88473
6118
87601
50925
70203
23314
61509
71278
40933
20965
26857
19832
23108
99587
40297
99460
22109
35637
73511
7020
23593
43206
14119
12928
10235
69635
47034
67226
9883
41606
64628
64797
1484
1500
75177
69035
23271
23316
6245
82168
65295
26227
76584
2906
22054
11439
89008
20684
54156
76832
67711
17220
65515
94309
14312
50374
47397
4536
68367
58613
80052
48346
22815
28151
213
98561
40569
44370
88015
98815
18779
33682
78164
68209
91908
95814
4529
32197
12344
37487
40069
57244
85699
54742
19984
98151
37676
58957
17459
6795
85493
49087
72246
75866
24353
30678
63774
3161
88718
55578
32442
24701
57893
93503
23930
75737
77707
19238
96350
56787
63798
10539
42589
12710
57124
68219
9926
91673
71617
62025
59530
99147
93439
2525
3697
51800
80467
67108
16511
54920
64920
61433
80920
73829
41819
62228
78178
81601
77702
18811
97097
58589
24528
97250
72925
87162
54842
83547
17932
56109
34841
84591
20556
14978
61417
45313
78260
32908
34749
85524
48463
81589
84341
25778
85815
36274
23613
57204
26276
99530
72996
87619
67816
15818
76679
51236
53396
49747
95588
36262
30550
70811
5959
97034
57852
11471
28943
59535
25640
48225
12726
31930
28541
28934
9802
94462
28991
18796
32679
72504
96582
8550
3855
47433
29877
27203
62381
88887
3196
14522
78292
60749
42613
20675
66864
75743
35964
51233
9925
44789
89464
33021
27641
90955
71739
5743
93175
24821
32535
96240
79789
25068
48355
41677
18870
11654
57643
65724
16912
34731
55764
51749
63189
808
95651
14314
3672
18347
389
62212
50736
78200
7975
59366
89054
20004
8216
44487
39390
50809
62235
84199
34012
76457
67323
91729
57228
37128
79779
25473
71807
96813
18812
33145
61441
88871
91167
54547
44143
75694
45949
11676
82060
57273
80684
16755
67936
13011
59461
60666
97513
25607
60408
98145
5813
56614
57065
71419
16970
96014
49183
66861
1781
20823
89818
95818
71002
33144
82129
46976
86705
68985
34045
20124
45821
61699
22167
59963
2909
26913
53042
5367
80485
12496
72404
13276
7092
70246
76431
33774
95681
5279
7317
16621
939
78482
32048
89340
6746
48393
74996
37649
10985
59260
24450
75238
24661
26746
47122
18062
85622
67765
73356
4993
53983
39695
4813
18750
68829
99471
83849
58393
92080
93337
15353
16007
14254
38416
53125
72044
29147
78897
85652
33092
39961
60045
92660
37050
34155
96252
41283
3554
63124
96462
7979
29996
12897
9670
15786
20186
89584
21237
23854
88592
26660
44197
70753
87467
67474
21255
53927
734
46464
54451
18994
11544
55489
13547
8809
39388
76735
94689
32905
81959
53308
57558
24585
63676
84901
95203
31883
36199
63055
78891
40427
33319
93550
750
20656
2310
47881
26273
97583
57649
71216
74219
99747
8542
41541
14188
59060
93458
85599
839
34891
32407
54317
79217
21641
67317
67
70246
34799
55524
83090
98000
89349
75003
61118
25017
19087
86390
73028
70056
26388
17522
37120
75153
59370
89376
27008
11326
10363
69301
339
66954
21808
37281
51813
42726
60639
2096
21302
98259
9587
32128
75377
38422
82718
58018
69972
18434
83758
16764
79678
71564
59542
63397
27550
74801
77926
42004
79619
10960
14169
56262
91894
40991
53986
99931
12834
41291
95923
91890
31641
95618
9945
19171
75712
42252
70332
72761
95617
53666
37017
77181
58454
48794
24679
8722
54484
59281
78773
13153
16674
40852
46505
21204
33458
53824
53606
56977
54884
45122
29123
16067
20585
63960
65615
56869
56770
99466
81206
30284
46668
66006
10215
66670
54682
86785
60780
95414
2117
37072
57576
22936
84047
96768
10862
41143
42793
5302
74320
22785
48091
87901
37307
56494
8939
74529
39091
23396
75760
37286
3349
10938
57053
28649
56858
63551
87359
57916
83756
50214
63187
56572
49050
40872
47082
72147
56350
90800
61154
54029
88346
4729
72862
46010
20394
71679
13363
81203
42086
3948
10862
8137
13565
19710
9215
45233
92113
35207
410
66896
34359
70829
34703
44309
97531
75423
73771
76894
49452
84123
74435
68983
47603
71162
45785
91301
3441
42493
665
81106
20494
228
67520
21559
17770
3055
93369
38213
20645
73843
29755
91743
51328
59912
44708
49990
11033
12691
58848
69662
41565
80851
5624
32736
99826
16203
87891
59051
78971
70528
90346
4834
99138
20164
17883
16073
19764
96750
55591
3328
49375
72569
97203
80374
57180
4797
13818
34773
14103
98818
3
57372
49624
45387
69425
28623
46118
81331
32309
90960
51289
61420
1594
48655
54282
71814
10417
43239
55472
18467
79580
14976
10390
19869
20567
16174
25914
96029
46629
69516
5422
71745
32419
81741
78957
48527
79782
62451
27997
69233
42088
82322
86636
58920
94658
59863
20255
48688
94982
16103
38576
69452
64527
21967
48304
88194
72877
42077
23503
93615
8047
60209
25266
43972
67030
26402
50555
85305
53131
48645
87963
55323
14551
59477
40938
59385
16531
60636
69614
55539
73251
73093
75250
47192
42183
78873
62738
32318
36353
10494
14776
92331
41116
20522
11410
91752
16518
82822
83738
47425
62340
88876
71566
18517
26626
97517
3118
27476
48913
20788
7683
82540
8705
10258
81672
78140
87751
51135
75602
45288
67176
50881
94530
45896
77439
7782
57119
77266
33990
56779
15117
58636
25868
37245
17660
45981
68419
16054
64352
22821
91015
44342
70950
48477
34024
57588
42129
69362
63549
97151
36924
37686
99532
26973
15887
14646
41108
34396
35976
7038
99552
27788
91932
14531
64404
27881
22389
72939
38991
2260
66051
6092
29188
89570
87851
41431
12337
26948
59378
78807
98701
90193
65232
59038
1339
52770
5445
28513
44506
65400
19407
90363
83401
40130
33077
52896
10842
70995
74939
57239
70388
73282
43092
93895
19762
4909
54283
682
94567
51627
20635
9215
94083
30189
74964
13772
18961
29947
85700
34361
18276
18296
26631
70626
62405
10766
37114
18264
53906
55835
72451
87216
94310
3621
92429
79232
54721
83741
23441
7603
94790
96455
21050
69352
9598
60399
63275
75694
34967
33860
58577
92850
36790
45610
7080
23247
34332
4702
20901
81273
61353
90265
47429
67559
77380
83169
52904
87649
28218
53495
85671
63176
65536
7344
66671
66918
27887
43377
18471
93559
26544
25699
52935
70559
31065
50927
36619
69737
48967
27687
12023
10021
18240
36582
74982
20951
86949
5009
30501
5942
44139
86732
89746
98217
24396
9659
39576
75670
89732
91908
68979
63404
94943
88355
827
53574
13548
85834
11539
13050
6786
51008
73273
59721
76791
42427
29989
32216
13860
37827
3437
57068
41229
83358
95783
70566
37102
46685
20688
91698
13292
54024
61686
3460
63351
66031
72019
97931
36733
21980
90525
29080
18392
17178
53896
12373
32367
35544
79657
45182
37561
49585
62825
6236
26413
43579
34819
18022
97219
17563
64637
94323
20820
40820
7206
61809
73136
72208
69891
77474
26203
15608
54117
56231
3997
22126
91401
88009
72542
10027
65316
41891
21713
67724
52626
91182
34241
16830
23644
61649
19341
48859
32689
2158
98046
58855
9756
3813
17149
15723
61263
5176
64799
63297
66793
88545
6325
43195
29554
66959
7284
60934
11047
10651
20708
28851
79986
88857
4064
2687
93680
76653
62853
5624
77829
83166
16563
95553
4196
70822
98143
46924
93473
61661
49496
24574
11999
48744
82568
84396
94416
21163
79170
11200
82058
71116
89738
68794
63115
71008
11054
33171
88411
32698
89599
43733
48128
56244
49413
70920
22498
62963
67929
65725
14829
64664
87681
13254
25360
22088
76123
65538
98348
62414
5795
36070
35792
51683
70927
15325
61916
74828
95276
66439
50866
2262
48250
10184
55262
49925
28649
73877
902
19904
48325
90172
19470
78540
33824
1153
69461
21815
67483
42283
49643
22802
72454
30964
33469
20618
22656
3357
74842
71032
40487
97622
91127
72984
98187
84834
81420
29278
60821
60184
23505
68955
33607
25691
82248
83339
24279
74658
19817
98083
19746
5943
61445
64444
44584
57807
57306
10081
82559
27148
86170
70987
7530
80106
44466
20866
49100
158
27219
99479
65646
86255
10257
45201
71145
53006
70985
56545
32450
59379
96247
6271
19632
18156
87864
46930
72967
16119
46689
13710
36428
17240
40092
62743
54276
47822
9629
73884
61769
75597
3682
36546
33649
31509
34664
36775
86514
770
73004
51113
44543
25953
31610
71111
69011
16790
26447
41980
72423
59921
87368
63998
95845
95746
16531
68857
75946
28081
40488
87902
93164
96007
55186
30533
46162
14629
27744
80127
45442
85919
49237
45008
32037
57976
91500
12768
40359
13205
73733
27770
49959
87073
38730
58534
7206
4888
46209
70337
35913
67160
48237
75865
8412
80750
25891
7924
7016
98597
98839
82148
38948
75544
77607
37276
99887
57005
39737
93279
8273
15616
52754
77645
6518
82236
19719
85590
19848
67657
65620
33284
41868
20881
5681
5549
2299
80189
55734
22237
74568
3023
45722
73892
62862
26995
82035
33661
95894
77008
6591
30808
77031
74170
1768
73473
96779
83360
95551
787
89280
21696
29025
81991
40757
40077
32033
94273
40895
30287
81976
16654
92404
42737
30760
46589
44427
6036
67206
74907
56954
18131
14926
49465
74268
68323
59033
21585
34404
80072
67146
2519
73413
62073
97184
87211
25169
35542
10254
76960
61148
68740
34131
7923
15184
23504
11329
27966
41465
57543
69573
81623
55525
20551
9546
4220
44971
11802
78422
32550
75324
59389
42275
52128
26559
87560
16935
86502
12531
86793
18362
41460
78747
80710
95538
28818
26389
719
83839
74746
16147
15751
51804
46923
71590
69451
20650
70938
31379
96645
67476
19363
97864
35760
22523
93376
97729
31467
59873
15651
89898
93984
43455
23723
24263
8495
97143
21872
14481
76574
46238
62181
5101
18831
44743
75372
53826
43832
27813
47629
88309
5963
30124
13601
2698
38344
46895
2304
97321
50426
9977
60974
2005
16339
31980
21062
21735
43156
34724
86035
80114
26280
52079
65184
88082
61584
39956
56785
68541
82393
87426
8817
28484
28133
32857
98206
38675
25103
95507
86874
15934
11367
75352
24716
62746
50741
50560
59932
68941
59179
73071
84750
83146
57027
91956
19711
669
82799
84737
67538
6705
39754
63292
87180
84809
69192
68453
81753
39316
85905
97430
83225
93689
63907
63279
40500
48771
3195
30264
99247
39735
39197
99009
50078
49808
60585
20863
52390
57750
52314
52567
39501
80443
85653
40647
64418
61898
63219
78315
38598
63911
69611
46189
91320
53978
56619
64262
9724
33117
99468
23600
15707
31216
50570
1302
62202
67221
87818
40366
65043
10043
71902
98618
5711
51241
45920
12251
77154
18062
70575
29767
72593
81061
63316
30364
74519
81831
76290
50155
71183
42428
40150
69170
51154
70016
87546
71553
82993
61463
96056
26361
92073
69895
18444
46363
28908
96316
97128
25549
3638
4382
30832
11895
41673
92114
86678
78281
60529
72197
95009
10806
56438
98458
56307
11755
317
80524
81236
68904
6970
55412
50202
58695
46525
65306
4471
4800
97404
45115
58750
20462
96192
65032
26312
81165
8906
63040
58011
77322
55119
98189
36738
99483
69837
5538
80064
34540
84509
52160
29382
15562
72313
12277
99243
38454
64607
59083
14350
9094
59395
54214
84391
34262
75200
85899
2570
80381
32581
41920
45369
99704
31281
43460
33111
19306
99833
89526
2579
14823
44532
25791
88451
66522
78900
88111
50714
51598
77574
83437
18386
44696
87819
11401
29013
38608
62267
31106
96046
54950
80889
85621
3170
91775
87730
61200
62392
10289
99500
50814
29910
85786
70913
68033
93277
51898
92601
42633
98879
4084
45029
404
64727
61850
55905
88941
81786
48790
11010
60832
55893
66251
99697
239
30493
4067
80079
91892
13448
50937
3079
40779
31314
55630
32172
10832
24911
57465
18915
37175
11074
61213
18583
96209
63474
42750
37329
74807
71644
49112
14660
40649
79693
80466
25981
56372
85264
98052
53133
90182
45298
35165
75947
46493
96079
91828
47615
71527
90617
97032
96162
17356
68457
25650
42949
4613
42139
58584
72202
76077
86089
23148
57664
55257
93344
72031
98068
65863
89800
41722
39858
65273
23591
36768
36531
59237
33574
16217
74766
3143
67176
42675
63534
79524
57007
74105
43908
84390
2018
95895
17652
40162
20849
39265
3328
91087
16785
39819
8496
55582
15288
80815
12131
43657
55306
82682
59592
87690
25576
91794
55505
28286
23724
9469
76274
3547
50705
93292
37743
45640
27085
62254
66982
34238
26418
81964
14135
56814
73526
73586
34750
24549
67048
27701
65745
37565
19408
9358
91742
85597
58372
17747
95178
79059
3510
2114
63172
44591
24787
12381
70746
26058
5695
72387
94058
53794
41423
76950
58473
39045
15675
20915
87931
48631
37141
24015
5049
94597
58938
59580
62194
82911
4109
71567
39520
51221
14786
45420
92772
24892
54973
76581
68938
98629
69399
50626
35790
59688
98518
12025
35221
64061
82265
91746
55512
58957
31311
52572
83193
87509
94254
89625
5594
7376
16871
43197
67238
68122
64554
43657
28032
95604
85642
43326
36326
19678
33455
27561
85460
16297
7491
51698
3480
92895
31431
12842
23652
42406
37440
21222
92426
74048
9513
20382
21586
30244
30675
47282
3952
82059
66358
17811
30504
82658
62953
74163
59460
40869
51168
18544
42263
2036
59500
97985
26742
65614
65531
77507
43252
44686
88428
10965
58109
82694
6547
20451
20009
83224
75390
19098
21886
21079
71057
53571
7563
33875
95218
41591
57450
10343
52922
28251
57927
97528
68805
94175
23291
32763
42126
69574
67265
59190
4361
35623
82057
37473
59592
91476
14666
89130
40189
97646
41823
28805
54980
68146
6698
21401
99025
71365
96317
93654
46145
29493
54492
16870
15434
64929
59507
59316
55722
74798
58812
9180
64206
87763
54298
97082
15671
76395
40607
49125
12559
6420
63742
7220
34905
54690
46562
56007
76112
13187
25870
8174
26127
4362
76504
17554
92715
30681
94805
3279
32065
30366
17987
47051
69871
58327
53969
84914
57469
15829
96322
16042
46130
51226
90889
81839
72483
53235
80204
13935
48354
75271
40518
76129
57054
34653
76049
76273
11296
12238
87985
23348
19294
35899
72804
68793
70540
79820
79682
60350
64454
93196
22508
1055
46964
59993
74199
98094
19093
38437
34015
45693
47320
37768
89292
21712
13423
73713
2533
76871
83229
58136
67705
12575
51094
79016
93067
10808
67938
13875
350
1961
1461
16981
40998
69213
19590
61151
1534
49678
95185
6888
25258
26409
37893
91709
27483
84252
42068
4974
84615
15182
25777
49836
5757
57879
84439
69477
75555
4521
50807
76468
87474
87673
3496
56847
57689
43120
86372
8759
43900
59500
57417
74091
4063
64565
58904
41380
93220
67030
71493
37161
19222
73563
99679
37090
67187
6209
90222
5128
57889
58090
18698
6059
75439
41261
87224
67808
26188
90740
45555
39792
54279
18520
86114
62291
95223
10963
91167
23065
41291
12888
53805
40017
46232
622
95773
94503
55191
59800
80700
18682
9174
7884
26742
43416
81206
5275
59461
1537
21255
17138
61663
90607
96375
6052
13840
59002
19821
99054
80462
89710
90836
4451
17563
53542
8524
14476
57798
9887
73788
69699
9185
69665
99969
98811
66808
64343
27508
52121
94835
16561
24674
57770
33688
28486
35372
32491
85574
40550
67772
30470
79243
34735
4908
97561
13856
64651
40778
15344
73866
28414
67621
60418
97885
40070
56700
39304
91537
90220
69258
18056
61411
30955
67160
60470
17995
23019
64563
3350
94740
4500
36901
6057
70562
14245
79727
54598
88413
72295
37255
44245
200
86727
61205
21540
62250
81088
31227
46763
55243
62304
90263
7778
7246
89269
91672
97841
28420
87233
43468
56750
68361
68527
84860
76808
87047
15015
59942
34892
56246
52929
60047
59079
16153
16218
31250
43734
33396
23687
40610
34459
89875
225
98183
35144
79645
3592
74961
12289
4947
46769
78119
14183
66854
26432
54206
55263
70339
13037
24348
11525
27244
64582
31680
2567
33787
81156
59037
66492
58085
60028
13470
30173
47971
13809
16875
93697
33351
78688
5434
30705
84585
43433
69725
22561
41126
28810
78330
75248
26087
97119
98929
52881
87642
53127
69259
89134
21437
84645
87912
45430
38600
12770
21169
54359
83645
56241
13262
15945
34998
26532
81238
77052
42049
22261
89166
1578
99345
70083
43329
82653
9904
30461
82939
58573
8388
15058
55955
26426
15709
53054
7266
26106
73969
19515
57389
1527
85403
68488
86833
57360
42941
58712
48053
63190
77201
83619
60601
58982
1968
17532
96667
828
59745
94685
71578
65623
77110
8661
88768
26079
98558
15546
12764
48831
14805
68862
10418
88855
3062
40717
59759
21818
63940
57849
89324
23114
91318
4905
18284
58500
65447
63335
28908
59940
29660
21833
83657
73317
93836
46350
28784
4883
5775
37390
6152
45452
56914
53727
76624
33856
21773
90735
94935
90630
58781
96834
80645
29555
32236
97810
17263
43438
84193
36807
31952
27107
17831
16794
25641
13260
30612
68341
25034
78545
61642
93989
12173
26155
93050
40308
78432
47145
63519
35431
96632
21575
93093
39256
91700
57051
54345
34355
64146
67150
52434
29516
94669
30588
96204
99039
91079
4285
8274
96229
97489
86798
53050
82104
11917
62161
50263
34202
94202
72552
45672
74376
33689
90885
87846
64922
21299
53076
15879
24522
14778
10594
16072
85674
95537
95809
88495
33494
27365
44756
41909
89197
83423
54798
94356
93689
34187
47793
73943
43450
41988
99019
57190
66654
64470
34732
7993
55886
91700
15646
1457
87483
16738
75394
33768
49694
34923
4118
45150
92736
92020
65912
8834
81256
47117
83222
42562
11145
59518
40444
21530
61804
64014
77558
86702
67419
17918
35124
59102
72369
58345
50968
29785
33793
11277
7844
1981
73138
78645
45827
91720
7886
5692
78479
25120
51531
55063
74881
67226
44917
93394
78199
50286
46066
65017
73383
85008
56656
47168
48754
67949
68572
19543
83302
51381
16161
22054
94981
99122
18456
81903
5879
74529
62675
56768
22161
18829
62059
59765
41556
52800
297
94653
83513
70764
70824
44454
59594
29773
4781
11824
89493
79034
93016
55386
52992
59864
90874
67722
6695
38313
88305
47904
25911
3098
23949
60790
49351
82565
2673
11311
21605
77493
81265
57622
88442
4707
83552
25002
27648
68065
20796
57168
7779
74997
11418
72484
93784
17325
664
32718
26230
22128
5180
94110
50584
16373
99752
60182
85128
68129
7468
44639
61045
41976
62165
76062
25546
6911
69124
42197
45093
8270
19621
1095
36219
19651
58357
10378
70668
30450
17629
70120
97449
9855
35022
67297
5337
4378
89444
64908
66936
59021
45058
14779
80505
76160
99386
86175
38734
27197
60165
45522
67754
76395
76783
89544
92154
5141
30312
8314
84766
23840
67492
90842
24977
33287
84543
56701
9339
91845
9786
49485
55014
61943
68405
32290
38005
89020
48051
74635
51624
68238
53672
95658
47603
17600
88130
99675
69451
30983
11685
10743
39809
60316
94662
73685
39777
53111
56368
88477
74270
625
28923
15216
66914
30424
50711
3686
52244
87310
30783
27785
8278
37426
55389
26739
670
65824
90005
43850
60164
89916
43589
97644
32092
56639
2600
88644
2573
76159
40358
21408
27600
57077
72876
47179
97845
91485
10021
92047
54295
56405
51128
89571
9449
81649
22514
12243
53810
23231
58963
26709
33397
22461
16621
60785
58537
85758
68618
77543
10370
55781
54866
77867
2365
49573
43659
80953
23737
83592
44699
25295
32668
15840
40161
79313
41522
84954
6128
59748
78525
70498
77843
82120
5297
45984
66167
79912
19540
62236
88614
42292
3762
51465
42510
10211
28764
56899
94206
72855
1976
7529
46889
13368
7605
16174
2676
78407
31591
45737
8991
32443
23410
10225
75558
4537
28687
9076
51171
23421
57553
11485
95699
34959
92417
29980
80529
72637
47215
49419
10700
61295
3782
13821
18425
14577
70550
62955
81659
83208
86840
5286
75469
46793
83616
69786
13925
62473
82538
7330
78347
16054
2298
26920
93253
62539
97794
11886
93574
71399
4555
96606
56664
19190
28201
64540
36319
52984
54016
42555
58026
22957
78948
20977
38966
70516
71466
9662
85213
57884
59180
35034
49894
41205
94977
47646
48399
47339
4779
16143
46296
71541
30920
58524
19315
1929
76183
43625
65690
31512
70094
17288
122
22052
10408
30317
14054
8311
19347
61399
42465
32734
84209
27306
81635
59707
73151
87673
49584
51517
1323
64564
68984
89155
9931
73734
2102
37465
66152
27828
67806
98723
46126
97828
71946
16917
23402
11161
94528
48006
51690
45225
74943
84989
2179
38094
19866
29398
13080
83433
66907
24818
75065
39060
25219
47204
27035
75601
70478
14725
34941
22455
31803
34355
90576
3389
59470
58941
59080
7420
46213
7525
70319
77508
45315
45364
65266
97978
46705
91720
80686
97224
65302
97897
82805
29541
40966
15027
98267
51301
6227
87535
2912
18158
40712
42845
44966
19618
94815
82854
31689
78145
76602
16564
59685
19654
48028
25542
71088
86149
77881
11865
94668
51564
20477
85722
99318
45030
54496
18812
98219
52016
82983
11517
9372
24873
94732
43532
2855
31324
16090
77548
65270
66750
49914
96072
84653
42385
17440
96982
51751
18121
67106
50981
47580
71415
87401
41067
77537
16479
86934
20109
25584
27254
33613
45886
19352
3660
74311
27577
69578
18898
42217
69217
98850
35721
9824
11561
87438
36547
76376
22625
65732
37595
79699
80468
99717
15019
25016
53382
39937
65180
81188
91032
15525
3501
84934
46939
61850
27508
27033
7514
78913
19837
15623
1937
79328
12546
80191
14015
64015
51951
36444
3980
51876
72874
66718
37521
34849
2943
42805
43834
65888
33291
77868
75558
21495
61144
85751
47233
47908
55849
61593
27162
74719
92638
37848
94713
31010
16299
71632
81695
18480
74661
72641
19992
33768
90657
56549
11844
51462
95628
55383
63124
58149
33648
78274
32889
56603
94123
30353
96112
73620
39479
67606
50151
29356
92192
51737
55602
42022
79963
12114
12671
99682
97830
66767
92672
53339
19732
26826
63937
2503
38411
82325
36694
23952
17322
65348
6712
45847
52252
23269
95952
53345
79463
43417
11463
17324
58671
18098
57027
83112
3780
2821
83390
23587
58545
55692
54854
61957
3504
61326
66890
6605
88660
48495
15390
36339
70950
81457
54739
44550
62017
67443
3084
14998
162
22638
15155
6298
64661
26209
46183
28096
9120
86132
95889
23609
34002
52434
36781
20821
87391
25044
19037
94702
37218
68574
66616
76618
78917
34324
38878
33751
84005
82138
98924
50814
12193
89358
23171
15014
3233
2467
13172
56616
56660
48684
13848
67239
83703
86410
58082
76460
65143
36992
26995
50272
58077
25449
14557
31924
16098
67430
53513
71273
19416
35140
74595
22594
96340
37170
30465
81167
79884
38401
59458
3151
45367
59167
40260
11251
223
8823
75440
58632
33912
58929
50196
19795
91042
14887
12323
84140
67132
93045
57293
48712
47724
44835
62304
66237
61050
13117
13849
87998
82920
82911
51869
81553
2873
9745
96518
28286
98022
6584
37596
58291
88603
79575
60624
46516
92876
73768
84660
56147
9235
54788
23154
84763
90551
49073
89474
36212
61909
71602
40880
91781
47028
26644
79367
59918
73401
41690
84593
80655
98353
87625
93302
94589
32591
368
28280
51567
87720
95094
29855
66843
929
99092
40620
96281
15331
42536
3904
52066
55139
72460
10088
42580
72662
95866
80969
58770
5573
46098
57494
79053
10345
54306
51242
90153
19000
76336
76264
52912
61395
20517
43220
45294
65399
19850
64855
48107
30994
66193
84689
82938
88268
66393
47024
28241
82717
75957
18773
50583
29357
23351
18393
39042
22100
89210
36485
36682
86043
37495
18435
28022
21543
1336
81032
7242
90619
46396
99606
45178
59694
14823
64275
76410
55188
90458
69056
82437
21874
27405
96635
35827
63173
90343
47374
65336
50050
80677
34747
88854
42459
87434
30276
91127
63366
15134
91158
92936
56224
51293
99510
11255
69395
36955
93961
77068
12999
11196
45158
75542
25035
87970
80203
20146
28940
38346
4803
69020
21033
91336
77390
36772
2693
16710
78477
14871
77650
87147
93135
92594
91718
69384
65306
46439
82130
81098
89674
18921
69578
93082
69953
13168
81890
23584
30680
47306
40121
89691
43591
15953
36512
69526
60913
82978
94307
84854
44004
3992
7322
18176
25152
63061
68155
21895
12840
4665
37694
21045
17070
65232
26189
21842
67439
94361
62617
80101
25016
34311
85943
86682
4441
97163
54634
65836
85236
80485
55205
59301
23223
67281
7406
38116
46900
41846
76784
26059
88489
57266
67029
75274
39181
58929
78172
40007
79348
5547
82601
83806
55795
74406
91516
65542
64594
24535
31930
67820
35819
34180
36279
77695
12644
21642
45744
40931
57966
23462
42036
90425
47364
28354
37187
53453
73707
49356
54033
75820
86764
55271
60756
53915
98056
70780
50181
19047
82874
75966
42672
5372
46325
14483
35431
12473
82010
14045
85473
63370
9160
78588
82435
35926
45350
51540
30468
29958
96783
58460
10230
74277
23326
95595
72473
74709
65772
6916
11775
73343
40907
45680
20749
60877
53111
38523
90226
69502
83527
47771
53326
94750
67129
19038
50049
31372
32486
43761
30730
62787
31267
95204
20971
97544
87239
8312
44722
69669
78347
38295
71248
64677
97096
6479
29589
48909
3772
59148
96684
61909
3462
43278
45164
25216
68390
84883
58678
98764
53245
93714
81239
76358
24372
2146
12156
45850
44028
12591
40740
24576
79358
31465
69772
22515
21017
98574
74705
6302
98454
3189
92417
78010
3115
75970
91398
2713
80589
31666
92411
37601
80399
85326
3958
99846
44504
19413
6982
70168
70750
53425
30645
78395
83471
31129
33585
11235
34219
8820
14202
20884
61198
14947
92066
20895
52041
46622
27293
93228
96358
2358
98089
25893
82987
64971
21341
29287
7721
75553
17132
14406
46891
33768
87506
53655
43737
20579
33096
40952
73598
96701
53720
19955
60549
36986
95381
43801
37827
17638
88380
92022
14136
82025
99476
67972
71801
60144
32914
66169
58250
65365
68937
55176
66179
51166
20958
28245
4509
4518
73109
98434
84776
12525
92533
32092
42383
72331
59360
56192
83789
1460
19460
5526
90400
86686
78337
63049
43087
81838
1541
44076
73876
25508
38336
33337
33255
40427
36809
37920
78891
72452
24771
32702
7573
44802
91272
73719
10343
59033
52355
3263
18222
50965
38035
29635
1790
77679
68992
5853
79714
42818
21556
82221
60732
79386
88047
56966
69132
22119
10546
51893
48352
36818
19706
20001
65776
29221
65604
97563
764
45649
21764
9940
69483
1444
56091
48465
2286
2724
73742
35707
37865
5719
97530
91396
60730
82820
18830
35384
5777
9800
36409
46825
88839
85298
75120
98476
18669
47319
6118
89546
85204
34718
13055
5868
54683
77311
757
69981
98297
95608
32569
76783
58637
12461
26041
30179
98362
7472
79848
69217
35726
72333
52956
65922
2187
21831
54085
95499
53422
14813
93054
25738
12016
64408
21573
91204
43356
49704
44616
68993
23439
35042
93711
79491
26982
82349
99398
64289
39646
72780
16935
58709
9195
76183
62164
77488
50714
98173
21305
55965
44632
800
69688
8008
91604
61399
57925
53698
75960
42459
26310
91651
18090
43502
69339
25410
45219
20750
91898
81991
71536
84133
99412
77110
74156
28182
46435
17937
22789
66099
51356
27196
35121
77451
8825
58279
1
82895
75506
15081
1025
45389
57501
51747
51701
19056
64682
36284
18558
21226
87455
13487
61495
77587
70830
77047
48401
30962
71650
54827
71749
55079
79812
7725
87114
7612
59432
66070
87890
26522
50530
51862
42001
40874
23476
95570
42635
32311
75638
98264
62042
57486
2325
65839
71398
5185
59356
34776
19152
16136
84017
88538
66071
4553
98583
39835
69221
66361
15800
34526
49171
73209
86378
62979
15761
44515
1179
94453
11400
89218
21814
97313
36960
39108
27248
51041
29597
67642
52274
91048
91510
26363
648
11749
42339
62560
7611
23667
75080
63932
70305
59472
40325
46957
55769
54568
7012
76318
73833
13436
25395
99979
47715
68724
27490
69014
68959
3897
67838
6537
34974
36509
68040
73060
12297
97096
52224
72954
41192
90261
12984
44546
3095
495
99056
21
33617
62165
38091
94738
42173
79186
49179
74496
45391
25594
58588
57082
8565
67287
89647
73108
48055
73719
85193
17685
70415
23857
94303
81548
10099
4830
67915
85521
33173
95426
27922
34716
52094
17720
56914
77981
79912
78646
5055
18713
92108
64052
40839
26398
98606
96985
10656
9083
22851
64211
58443
16255
122
54006
36136
18618
64255
95274
85052
46607
35463
287
75009
32959
38324
11541
58235
61510
22589
57367
71930
43800
77154
85195
23244
20232
45393
67188
10224
13812
58276
42446
50708
68116
22417
93196
57426
46069
66260
35063
54234
86733
11339
63090
236
96029
87267
63888
56345
82974
59638
77140
88924
63755
31274
54898
43154
11022
70537
58
46056
76739
48041
62425
6955
55766
49009
28476
68783
27595
61851
51934
2918
2007
94601
70419
50435
98118
58453
28203
48487
43505
45587
48765
2778
5249
95637
83841
98081
73243
84257
49546
92142
2505
80792
49354
20020
69378
69779
31123
43240
8531
18404
65358
38638
8714
92117
73198
95570
79557
54909
40605
66512
81645
90247
46968
81348
49968
27670
31948
82775
23890
81883
71356
63805
37534
80305
83194
26224
76320
81103
38680
10700
5166
71625
88959
77386
57762
85441
1576
94306
15282
70438
97349
92636
97786
49285
42250
90570
81956
16799
26887
52380
44728
53105
80586
55175
19271
28847
17094
92698
20519
32583
13747
66017
25953
7934
98881
35213
13246
62652
100
30148
44544
94420
72969
68594
58858
89688
89708
14913
33463
2985
914
36222
63430
4744
9887
2276
67921
32778
90696
104
87826
47573
52573
22707
89922
59251
49456
43889
41701
33512
75644
35354
78667
47022
7540
59182
2366
80415
49641
1558
70174
38132
30440
70474
79837
79714
78816
30831
5305
10738
71153
21627
23379
28624
30596
25209
13878
96064
2553
20391
56155
30828
2748
99739
1568
14187
87230
58511
45136
2176
81820
51807
37033
38006
98243
4506
89933
20075
24214
17350
37465
1383
97336
2036
52040
1215
57921
93711
68939
16819
15368
15764
45912
54731
41022
99976
30711
20021
34631
61304
53828
52778
57452
14688
82199
77369
89903
43294
15573
64810
98229
33025
73796
43001
79703
11098
21417
22623
96018
10858
61146
28291
20534
95100
68466
62632
51847
86646
50481
35156
5407
1090
98468
92286
46693
37344
28397
79511
25064
50246
85101
13800
87670
37140
61366
16547
27410
41341
46740
83820
27016
21288
54857
55619
90676
77138
40785
26819
67569
94633
16568
48452
88090
22180
92705
30468
65770
49505
39135
13914
59734
64964
25371
39495
44142
14777
52208
90552
84179
59064
85734
88823
71820
80733
32869
59891
49437
40804
52182
49622
7875
56770
83858
79613
97101
85590
90282
13029
34386
3275
41519
2606
6540
15776
51960
86044
91123
26155
12573
23717
37781
12248
66576
51342
86225
86804
38122
40625
18116
27047
25685
72891
13480
25515
25632
43726
22905
12005
23400
89986
26478
77775
69455
66939
53722
16693
47138
18318
19566
91784
17992
87829
91427
89360
81797
14507
45545
91923
61559
80233
66728
42615
54744
18391
80215
57694
21995
41975
27800
31735
89230
49772
44089
47712
31900
74977
82808
21263
34159
14527
34237
70593
73662
74640
87686
7274
27162
78657
4252
26496
9758
96359
87785
83820
86065
64251
41623
42351
90438
23814
98410
37446
28031
34975
18235
50893
53435
61829
2309
91860
83458
43542
85773
71716
3856
52409
15532
97504
98020
41402
96354
87130
3714
71675
43373
31541
48792
33558
85520
96791
85690
4789
51905
99908
28167
61216
8539
7017
90801
4390
62555
79746
89992
66451
81430
68688
74558
71271
78727
41642
76878
95764
21237
36553
88335
87824
3917
44205
53921
34575
50712
73268
88908
57244
73697
78143
47346
60431
93181
4646
37948
79364
31555
80627
53654
33938
2000
66751
96726
65048
23721
73568
93433
37032
28902
67298
7003
37920
48975
83130
99835
33592
55564
25775
74259
3596
85842
71687
61497
22608
10352
36986
74667
29899
37035
95876
13077
6060
36240
14733
77198
90094
35579
55876
19708
19126
39894
45843
14689
50275
57600
64868
46159
35240
59370
99901
12564
10567
1504
25911
49360
22761
44573
61232
93467
39482
64177
48410
49538
7479
31619
5949
67885
36412
65213
47265
8011
82958
13829
7297
7934
18929
75727
73161
95705
5201
21134
12297
13864
81628
45796
7539
45853
48848
32441
2210
14223
60222
27977
95883
73291
66907
96204
13894
66480
10858
22306
60895
82100
78427
91724
27468
91972
84668
75229
49713
29371
35321
61022
17653
57911
30444
95298
98562
146
34767
97188
5916
53494
51941
60609
54287
78647
20033
45921
41697
39044
25532
79757
86167
9943
28967
10915
35374
18899
32995
40713
28794
57469
1312
52319
64018
62995
674
16136
81256
96925
10988
47515
71243
45435
25623
6559
85603
45811
13121
16168
96622
24295
9896
28039
65224
98842
91088
84947
93932
39236
48478
11355
29925
82008
43452
3835
36037
36813
39471
22708
22232
23375
79438
3402
77355
47953
6953
2560
38485
7017
54984
27164
75544
97303
98863
16717
95717
52249
23485
88136
34585
81322
20214
98520
21478
95826
51817
75371
12493
61332
59524
78400
89200
38771
68597
35654
79675
13755
81274
50123
34845
94036
15154
35596
75283
79221
17023
13923
41648
71620
40555
80384
27574
60922
44213
53956
21617
79467
49518
41589
83924
15469
16513
82866
38418
30887
31398
91866
5931
65279
57097
80682
60086
85201
74963
96809
87451
86618
65948
99595
55476
64935
80971
14525
90465
94324
98337
12918
66200
36586
78666
75405
13602
53894
31369
25553
20735
74104
8830
65290
22187
94323
59414
78834
34806
63953
1960
15974
25657
42988
33637
24840
56077
68103
45316
59090
59543
52703
34907
23508
13021
11430
61394
13357
68998
31412
61566
6108
39849
89922
21523
34991
44706
62044
21494
9533
33269
2178
83865
38382
30605
9803
40751
31430
52665
27827
85736
14874
51124
38686
62807
71620
17540
32779
83262
51721
32568
46133
67488
68494
94008
79857
36493
15624
8065
22849
67185
35097
3928
83390
19394
26505
44729
45108
74696
69193
29893
42010
94180
63176
39664
46807
93076
25591
87918
87158
63997
93288
75734
66482
61369
35981
37121
18534
87943
90063
88755
87826
99799
51805
42129
5552
56367
24779
38052
34445
43795
44616
49082
40180
42930
96563
88911
38614
61802
79803
21709
46239
38852
44200
63856
27827
91938
64748
87122
45510
54899
1000
22405
36856
11824
18749
53807
33170
6737
43522
46155
17220
53074
25773
48883
57785
95069
29454
38474
44770
57585
42556
45850
93970
72673
11229
20700
39684
89882
97851
75571
83060
97130
53779
25452
9422
99449
19367
63809
26742
56675
81558
15620
28787
47427
318
40395
12791
47439
9462
95333
94516
51560
47198
8351
18693
77691
52388
7141
47391
23166
95204
98433
95444
20864
13663
96476
99285
82134
79515
73655
65085
38351
69889
70661
69635
79586
38977
64305
77817
79973
86528
28703
15009
41732
39706
8956
78872
41041
8925
82773
84655
65508
16096
10783
70596
3715
98143
29274
79366
90221
77693
28909
3881
57733
85200
25991
20698
59012
35479
63690
69936
46980
87338
10201
31121
95822
99705
58320
46178
14498
25508
69787
90236
47697
4575
47200
87908
17161
31513
90984
75881
59722
6472
94248
94711
26631
25627
50740
70718
34724
34906
94353
21009
77301
72190
83869
39703
36135
65113
36758
30235
52144
83745
39763
29373
40374
24328
24153
53648
10644
67373
14743
49248
93007
63735
93458
11909
92910
83703
15743
70124
47620
93020
56834
18699
36997
68424
79332
1753
50249
6178
26424
46109
91975
44047
83915
74108
21051
43471
42121
73976
80132
12471
97576
14682
37247
98384
64158
42603
82119
19429
58332
27844
66189
44097
58751
7305
76048
8877
28442
23401
67241
47316
59832
69105
74097
77406
15148
23919
4445
83011
63576
44683
39698
19991
81753
17132
39481
22407
88962
20632
68648
1963
27035
24860
76198
72191
36515
83271
23347
26066
37035
54283
7020
31452
59993
88585
54044
71129
57434
40058
42365
69133
89620
68198
28528
75107
98264
5091
93983
41765
13794
94630
33143
2509
83855
85071
32239
8347
79941
55160
11551
20422
11373
59544
14989
94216
10041
9172
93744
12852
25222
92323
66151
59772
15188
51149
76926
40253
38372
38949
83636
76370
58068
13628
59842
66524
75161
79675
52145
90952
24876
54266
61078
76500
35790
96208
11681
4799
12917
50758
47425
66277
6836
84950
79295
23328
66730
22472
83286
25851
26758
53915
56503
45206
76455
33342
86421
58316
48100
28096
71769
55981
18413
78575
73203
25705
41886
80424
26440
32102
97908
85796
60365
46993
76572
97920
50836
40771
78844
48221
21654
98659
15620
3333
36189
34430
43592
16417
92397
69421
53792
27448
92319
78398
39973
77679
18627
60952
1255
73024
80475
17735
71521
70170
49070
19714
5449
26641
53654
57991
56779
3442
48166
79599
95649
90159
47339
16320
62185
51850
76564
81926
6840
30835
15968
7044
31065
14789
88271
90182
99669
34083
37420
38944
24036
2783
95562
83755
228
75325
56488
55641
37202
2045
81909
69506
71185
6761
98571
13107
65192
15717
44443
4788
73959
61036
84921
7816
53623
41232
72747
97555
12859
56351
93942
61548
20919
79434
85326
41185
95069
82428
47185
82065
16718
25894
77200
79343
22356
53586
91481
436
92999
6698
18328
23990
90653
88229
27947
2757
77879
93040
38197
30314
73838
9637
23641
87329
20139
77609
32158
81560
79195
41673
31351
1914
51166
19446
86861
82213
11099
21794
8774
76927
11332
20833
55862
39018
78951
74620
12844
88225
67379
55761
7869
12704
23053
36910
39327
58659
11568
92156
84281
58808
1518
63238
37310
15618
73932
88893
95784
37441
53469
35928
92440
86554
8147
93840
45485
68558
50211
72640
32114
47519
80930
80693
19778
27657
90686
21896
37687
85393
60196
51052
77656
31295
77372
48516
20548
22360
44841
16095
44706
52789
23730
42466
70832
61889
22329
85931
39986
14630
52443
43463
54983
68157
84666
56486
96645
97904
4830
13774
56097
20512
90876
42141
90253
18201
46500
90598
68358
27783
27562
94525
62775
50234
63660
24906
98916
20419
25856
67869
77308
99458
81045
73355
781
54718
30435
82614
15068
59410
74450
34742
85755
34898
18436
11736
12046
1614
74634
49674
92223
94754
63634
66081
2312
68732
97092
65114
29159
11424
42349
8090
11801
40311
69225
14096
31146
26719
36649
79711
32285
9033
32902
31176
51920
29795
55506
7066
5854
65102
93981
72115
77069
18583
46668
52848
37157
70435
7768
11317
64160
44586
88215
9635
40157
29026
92062
69998
65189
62200
70017
28451
31040
64107
89432
18568
88950
94517
4241
79849
15709
20012
77894
92810
75040
1196
11302
79338
72423
14960
22417
46146
75035
8165
20518
81762
75095
40090
7802
30795
83411
55667
5705
72285
22953
3404
54293
29669
22945
23950
77934
39948
97158
32022
72141
39137
62723
98987
26355
72314
158
18221
44573
88020
12056
22532
4150
99738
75684
97170
9275
54189
21514
51132
85672
23722
15285
91979
28950
30980
73434
1786
2652
69052
45914
63642
52496
43949
35776
1207
8879
82488
60648
34031
54604
45335
66184
1346
68619
39511
12897
9094
8471
90671
90830
88376
70298
55121
26557
85967
71500
87435
32444
90718
88306
57897
59041
596
84613
80741
9870
39258
54738
28629
92111
12352
52029
32610
62682
27691
25148
54891
66820
36451
80322
46300
51616
96184
67395
33154
38894
95899
95030
23599
24456
42049
39707
77778
96008
65531
10398
4208
9305
76824
71285
26662
95976
63498
33424
68605
61789
66657
12898
8091
93784
97131
85899
55290
54899
32118
49553
73929
65013
30797
39956
51596
28285
58934
86531
57314
56028
4136
72087
77924
91478
5358
44970
56957
74962
57180
46255
26119
53007
67924
85495
40769
8700
45951
13245
71163
45687
67408
39267
86825
68429
59553
34518
59082
13845
23183
96112
75812
16995
37353
89855
53988
2486
10601
33404
45388
36604
19672
2011
43433
34221
52902
98700
83721
3471
70740
48573
20253
15497
20656
56942
66454
62087
55713
22544
37110
22247
54882
58212
54659
26260
13490
46472
42366
82756
86424
54044
12732
11113
36059
99548
42517
36833
93942
52505
45217
9881
50547
72030
45567
8937
7683
51030
60043
7137
778
65651
69760
74606
48760
60419
5560
77418
66248
88969
32726
94342
95802
31325
89060
183
39892
3622
39895
98845
46194
82998
36046
98124
85439
6991
23480
93857
23621
95486
64975
63921
76082
24590
91390
17387
21191
92104
18387
8781
83050
50453
29368
7424
4221
77251
46037
32066
19495
74698
35059
2231
16686
8026
78520
96066
91317
66721
22639
42744
99070
36839
9656
81496
77320
57045
8593
53363
60962
20539
76689
71874
65907
76444
41328
71644
80927
90760
5842
39661
376
1758
56772
10360
86415
65962
8260
4789
33360
4808
68217
57442
23143
28842
34977
69920
52901
57149
58808
16636
94110
29702
59764
65117
13057
79507
98937
2314
72068
15444
40497
62589
83600
73043
44906
55286
2737
43424
78081
76202
68897
41218
20698
24284
4981
27241
54952
64468
41571
57953
37927
61873
27285
71448
10526
26169
31989
18518
68890
98469
17648
83276
11211
54801
75155
63635
45084
65541
27821
29746
32212
45038
28916
77301
45291
58125
27830
23285
59777
51096
29206
46713
39179
95267
19459
13713
73580
93133
20789
25651
65879
31050
29292
58821
98184
97963
62031
73302
22435
54417
93375
20961
71045
65435
14382
88775
84379
71467
9035
55566
98531
20531
46436
16653
64817
62994
36939
66246
14961
42048
69986
20383
46005
71469
62806
1486
63859
36587
86495
41408
7312
666
47636
49906
32470
41753
97537
19722
52338
39498
13833
64109
52928
64084
69163
28803
13113
88036
25395
67905
66114
22379
87683
99582
86914
88266
30206
81652
23831
99887
39377
44112
32667
74775
67730
58565
86240
92954
48051
86556
98202
9437
41468
65641
19282
77852
80466
72052
70200
57828
26753
52121
15240
52810
226
9318
4741
70571
9996
50955
17254
87903
33106
70674
86192
12369
36429
27688
89564
90638
56872
47021
39923
54203
95781
11645
1030
15667
24158
50573
91373
98693
26332
59840
5545
81806
68569
22485
89742
2595
22414
35743
98450
65843
55714
56192
81984
24817
97413
21882
69075
41161
72174
95696
71798
24581
61948
77063
97877
17432
41265
57820
40828
84057
16228
61405
8614
53373
10536
13616
68567
90301
57117
35124
38740
6750
43390
93098
93278
6787
82632
76742
76891
58719
19799
70796
97874
93876
97594
14692
51250
45468
17383
8037
94222
86846
82196
37259
67376
77768
39150
33773
92520
62858
89331
9738
49108
47732
37116
37784
40964
51555
89801
14656
6117
27656
99573
98239
61426
46715
73089
70981
86246
10931
57698
57192
50552
86480
69194
50997
86766
77219
12589
77297
5479
11386
94015
56146
91556
76190
31028
99004
13281
87335
48898
75941
96683
48737
19128
46924
66862
13690
7925
57188
36332
37964
73507
86884
84284
48901
70440
12933
25156
43265
58109
42187
65053
74559
57444
9257
57772
64684
27495
46879
1320
87161
58717
15536
17074
429
99389
48516
48594
32381
53780
76171
49535
39021
70440
14956
94425
39756
77777
91439
92135
34895
63107
17235
67320
57382
18002
73699
77033
12430
29901
46131
68696
19903
34167
4615
9718
3441
25832
11394
89131
57104
20530
77969
4042
32016
59073
78374
16381
53846
14458
83733
71710
2332
90964
13809
42159
71498
52208
20989
35016
27516
92264
83127
11430
77437
3926
1444
39913
42653
71971
26138
37014
53340
43271
5000
77073
8712
10899
42158
53173
23447
85292
58248
47992
30033
48179
15548
95281
28118
78076
73088
15735
9976
93766
8525
3224
96513
91845
77512
35647
80339
19052
29214
3114
56883
10384
98072
2948
97688
26209
58506
55588
16580
66453
55804
35339
31562
62576
99032
43112
34928
83205
23109
22953
62931
36870
63059
64778
92749
65377
25184
91952
93852
28601
61834
2678
7834
56870
11063
26881
23841
12625
77692
43698
88311
40993
55237
22202
40617
45514
70203
2806
33808
94039
1161
67314
73826
52942
73190
42144
65886
43069
74306
32016
35999
2666
58754
14223
84227
20139
94118
35266
82822
56415
24607
60963
22986
95961
56288
31424
20273
24874
90122
79478
70682
85642
75580
29223
21962
13031
95282
81960
68860
97850
20901
24650
79236
12634
1969
61946
73631
13354
37560
74109
30962
76831
12433
18196
97743
90429
74842
54961
98458
57650
82369
36278
19086
68234
22475
36299
4714
68294
59936
41156
85562
55849
87642
4999
98066
78611
79867
89698
63615
7926
97509
83359
38966
23280
69909
86510
96967
99705
69372
99176
49159
45017
99423
47268
79904
57926
18335
47649
11706
97383
6324
22145
89836
47800
51730
60299
28040
99310
68156
84040
68003
62959
8028
16717
31559
57221
79714
83483
74236
12768
8004
18899
68956
39400
12193
13551
91180
25631
93327
91716
72779
35175
37264
80788
31422
87999
28473
64895
51275
44819
49192
23566
40505
59212
28032
56461
43573
52104
83923
40760
8580
89270
67946
45447
76110
8652
34784
18209
66782
71389
47879
6748
66451
32978
23085
89284
84998
4087
82702
92456
52983
98598
83796
85821
41565
73118
33186
84168
12745
63258
65607
48310
7712
29668
69040
64154
51715
26730
15518
43686
94704
57096
67963
58096
67173
6310
16345
30946
13977
72035
34714
95220
2748
68026
6322
70755
99783
91654
96460
77237
56294
67099
89815