1024
21281
93881
1425
46528
78062
45321
9702
99430
92787
8174
8897
17243
28648
18289
54062
38956
54689
42404
82591
87200
96409
38580
62425
56774
33693
44376
69527
33141
6373
73398
94390
30715
54863
16896
22861
81336
34931
40913
75338
7835
82082
99873
48765
5098
5421
78593
34181
17081
65637
98990
11499
7928
73472
63091
11786
79924
15888
62205
8331
83621
92232
43209
95221
46749
54305
26327
37493
23849
80485
1339
5348
36787
74568
60542
81322
54574
65636
73310
67163
84614
90636
8993
1641
64854
76994
80801
43960
14340
65277
26063
94757
33185
26069
92299
48606
43083
15421
88224
72574
61114
48991
15912
13699
55313
8275
92741
36183
93278
85624
95488
66117
30447
59042
13595
37678
15647
74504
67175
89324
72816
48671
16831
79433
21754
50321
90041
73613
39011
91522
43253
31293
92363
67906
1143
58708
6707
16223
55231
34126
63569
75837
15049
33980
25382
67080
72447
16270
37167
89558
73106
41744
17273
98016
95982
79793
36742
47395
14766
59311
59748
77304
37151
37253
69478
21618
17814
49784
35501
40134
74788
95201
91662
1084
27567
49988
70176
19022
95448
19684
82939
68558
8720
15649
26423
70563
3752
59901
64644
4624
49841
8399
45475
16717
1688
26525
28942
5598
14372
38146
8822
92462
85014
43962
37502
97682
8697
20796
49134
72450
98558
29997
63960
28333
52013
21468
99252
53992
73476
86376
6862
48145
8365
45055
74372
53160
63652
96426
30048
2911
35218
4479
11848
93092
54266
54318
10794
82903
87771
6593
16742
41878
82402
54171
86160
12181
51853
86564
94392
78514
87399
22324
98402
30405
87264
95507
2828
11099
14480
59490
79499
91894
20898
13402
70019
51609
19477
1744
211
40617
39522
603
88286
47892
8294
49241
40563
79145
80652
27670
16179
35632
23500
90247
82113
87695
30762
98907
35679
29399
36699
59862
37352
95967
99352
55538
13459
68544
14214
90813
94989
73228
35663
9543
88783
71604
97656
75823
16568
99977
68119
33940
47106
16792
40730
58614
37940
63436
69273
55231
99744
23378
10888
37518
77753
17089
43461
60702
45033
73844
55273
44560
58808
85744
8623
51682
64783
5755
86316
85274
602
53303
92555
20760
53359
36303
3983
13083
2205
90699
88645
76904
43248
18332
18831
89659
26565
19726
58956
91896
2097
99009
32069
74521
61133
91019
17826
50669
45288
59369
8448
92003
97601
19901
61033
44931
99584
38314
66099
88349
59486
37898
22766
7753
86410
83524
62662
13105
14038
73598
10067
82073
43426
59054
96362
95945
41235
48771
97460
81145
33642
54785
15019
43259
11856
97588
72757
5164
99069
38227
31026
9975
71227
16918
93721
66002
28184
88322
70146
38456
13478
28291
77559
88079
1970
25597
58502
31568
8401
7216
18543
73936
78892
45955
24205
94239
56841
49868
71994
57342
77153
45946
33260
44659
56029
31407
23178
26514
50995
37241
87060
12774
26308
84725
87134
48899
48504
92800
30955
51812
13898
14148
4538
51837
55458
83316
57327
69113
94843
17625
73755
18654
82652
27725
76104
60632
40969
30633
93478
88900
32868
82043
57692
75094
48874
1936
48168
52112
43391
98359
41918
29035
19249
45475
48549
58630
15761
55545
85334
37561
50336
61213
51515
5269
32578
13118
69864
73288
88315
57510
71079
78533
85438
41079
96556
63433
51634
46150
5831
50327
17833
23176
40955
11301
78708
44442
63607
36533
23834
9438
71333
13386
66368
4051
98918
98401
91271
9452
68227
10992
15387
27274
64488
54603
61751
91211
65658
33877
90772
36397
58816
93132
24236
82350
36689
74347
68264
43318
67803
52977
35322
90997
83804
86933
82375
11028
70175
29483
15382
69679
3894
47315
24003
39771
66106
97867
43141
32521
31840
60174
30131
25135
97403
55348
6394
51873
44053
13196
4141
72562
1673
26486
69813
97559
59689
80806
33927
53052
20154
57555
96796
56862
34004
67370
13009
58538
21905
76820
14599
17021
96527
39655
33009
49076
48901
52420
12759
25672
44254
14072
89409
63617
82442
74032
18992
3831
77408
9346
44594
51570
48333
43676
41164
15074
52743
81620
41523
78503
41221
34086
70778
28515
46391
90283
28740
46748
31921
67665
53726
4211
36176
60484
50886
45548
7824
63500
56393
241
99498
71640
12395
22387
53096
13430
94556
26809
9725
5063
9874
7878
23009
94199
435
31325
56809
64173
48693
37214
9223
91079
27217
20792
70497
26838
32213
29252
73843
9297
39399
52004
70157
89300
16888
9279
41552
36744
97915
29101
54492
15086
5804
56259
93323
98928
31616
2616
76161
42243
26172
7566
8854
81540
98856
39008
1601
23332
76009
42466
47037
10944
45197
76131
82439
60347
13281
92493
40065
36303
26911
71427
39747
3289
64404
91922
92343
56437
38062
58954
37793
77321
52985
18131
39793
19373
30864
75209
94958
26188
90502
47722
54443
45787
64979
72249
64452
1378
53599
61628
62484
24815
45927
66058
17162
61703
30512
81851
70926
121
16883
62344
79969
66975
89602
4348
12136
75714
22456
46605
40165
77912
68913
29435
80853
96662
12674
67022
85230
52007
17738
84058
10140
25549
8526
70743
88325
55046
42946
14610
32866
7301
87514
93168
12351
73142
2236
62661
38098
76491
38487
71305
21688
49257
81095
17920
53214
66769
84101
263
99756
47618
18032
68147
36285
32657
14210
93468
8449
2666
33412
63156
82650
60565
96973
50431
79962
82773
9136
61677
24615
35131
71226
99442
44915
22882
48183
20087
78962
91770
35365
17975
35528
94854
42776
14558
23533
43407
79789
44826
34920
50370
4750
24659
14541
43821
36232
34033
4678
34588
18996
20773
27488
73402
79736
680
2477
98483
5685
86844
43173
73321
84318
48901
20801
1498
79192
89332
7321
69720
53277
9323
58017
60569
30339
84405
11074
31697
18132
99368
230
99656
4153
9615
29674
55560
29165
29371
92576
19105
72201
31387
23241
73348
84542
78480
4635
86586
19326
45616
79025
44319
28008
59123
45934
2109
77874
25222
37826
68460
81474
96798
70067
29255
44635
45660
32800
23117
82968
38230
70290
70193
18630
1718
69587
99597
73200
32561
24454
13123
96530
51851
80453
56909
83706
12175
78307
91336
96334
53167
83824
82144
81320
49715
67880
32958
42865
2574
27736
80160
4068
79897
37104
2290
37835
80648
44738
27485
33945
26343
756
58441
90169
16282
60908
14565
49023
48513
39327
50873
78925
99441
84184
53829
62254
35325
36234
16846
55049
61111
88456
95436
1924
38990
62713
22195
34313
94350
13069
67126
34146
1938
59455
25107
78437
5145
56045
12995
94187
35863
31782
76086
97941
92662
37744
89947
19946