8192
51553
72000
65419
54647
11025
42065
83659
19142
90434
31838
24775
4706
64106
9105
17275
14159
46723
97989
36779
74008
64770
83059
41073
56131
60331
50199
89406
15569
35211
45560
2933
90552
63579
2859
61479
41484
58626
59029
14519
62271
63804
82039
14802
4227
79825
56126
1994
83554
97811
60958
53907
99803
72473
83104
3486
16990
6978
69279
51130
59720
74033
39244
25811
13584
39409
83886
9053
57724
44215
71447
73236
81155
21268
86127
97293
20937
48745
54933
36310
94739
68678
66155
60996
14336
6069
60969
90790
77418
33217
61613
49070
65905
39078
59
33284
96215
24984
60914
25781
8241
97128
99210
35884
77297
99150
50936
91997
47092
7483
79011
78028
23693
28873
54261
38311
10982
26461
47478
14490
21135
1183
24820
16145
37179
76693
32003
20818
33229
55177
53001
65990
40012
60436
69813
91684
6725
4402
30881
96349
69541
62053
45137
91528
87393
94739
24116
5972
43062
73881
89015
18580
33639
43218
9641
6276
26463
11546
19789
64743
71468
69671
26221
36143
10289
61982
49725
5332
89267
39468
26694
58317
10296
82954
61920
9856
25092
29977
19346
11313
19689
30607
79662
11689
45166
47613
5903
83075
90234
90702
5536
99006
29285
37616
52600
70666
15079
71929
85413
83016
47761
7456
22961
48778
95238
77636
31645
25116
97046
88822
65477
12865
44193
41204
33270
74688
27403
73677
33990
8596
41908
65816
40876
64838
74977
6778
55173
70675
57296
94238
16686
24897
73391
70219
23124
25700
33361
52099
11796
29310
69286
20346
48733
13792
84172
50290
18704
31330
90929
20357
36280
21954
75984
84523
21652
25017
29306
29099
7521
43300
7712
70451
38740
9258
86409
37728
12747
57945
89573
85520
24817
49920
93985
95511
54753
84592
28884
49470
67468
43018
23027
51686
52840
71678
92544
72413
37399
60642
56408
27107
46267
6510
87961
86195
81507
70332
89516
47454
44527
83340
32910
19115
29129
57417
50160
1883
50241
49789
19368
32188
81899
85877
90896
88718
77033
73871
27269
86957
52924
84187
11209
98958
77369
30067
97327
66710
54079
73263
38943
89603
82071
58756
85783
77897
61201
56793
52447
64264
11618
50276
15205
80962
42118
2669
47975
21982
2926
17474
97032
669
73790
38911
51880
45503
24918
1297
79404
92575
90668
12140
56641
39871
5018
37235
70947
84601
25069
41986
69689
70392
34550
21252
77886
59419
73524
86194
448
85573
45723
70319
16301
96548
58722
38879
55554
4217
68856
3482
64503
59219
22907
66482
83776
3869
83734
6356
32102
23225
96725
83794
82472
19501
5763
66316
86481
15318
17684
71623
91254
28622
85928
8126
42364
73362
28948
28738
83494
10969
60800
5030
47997
40655
47007
32165
77312
8577
68654
8907
10071
6441
43690
43032
3965
21562
88232
48243
93650
14123
19117
5587
94112
83739
74150
50455
67909
83877
85948
36998
56234
15430
153
71977
72198
59044
44965
85104
2515
77726
98692
47407
55962
47654
118
11987
46206
52583
38731
6706
72338
18443
49787
20144
51013
68444
107
27742
66807
26609
22723
83747
84998
98291
90259
404
78994
60181
40289
94813
17263
9686
87777
18654
21509
40468
83504
8250
38811
44112
75784
17329
3723
54084
61703
91812
52259
23193
66478
1162
56798
5222
34601
71889
72538
50727
14833
47737
20224
38944
8345
41268
74868
62587
62540
52553
87867
67483
64494
26206
42411
69463
11604
24058
46099
32383
76930
81686
65421
67291
41112
83880
14456
48910
15502
45918
44499
51249
1658
84805
22706
41673
9121
3993
75105
74269
80294
8290
26088
88383
51971
23282
21805
48929
39138
17696
60793
89805
3531
21146
28660
57897
44437
13561
78121
50263
57251
67674
44059
69169
22472
76655
24151
94813
68592
98156
47604
63032
76885
40039
19866
22708
26798
67169
43219
99783
78798
60561
95659
65352
91060
93841
820
85122
44954
60613
91141
3675
23523
3294
81420
70170
4700
85787
54232
28750
48672
46905
92427
17749
77438
18060
34878
36866
67926
10662
77153
28033
10109
19163
26276
73561
28586
86843
97243
94430
95413
11996
20916
11703
65231
9766
44603
3528
891
61020
47756
20010
17569
33418
90049
54141
19935
89148
1555
60386
87768
37381
37386
50201
96032
97843
37630
61623
44153
15817
28809
60271
65239
82863
83056
14906
62102
70073
61450
49271
51667
90379
84740
69493
93512
21890
85156
88934
25652
92970
41939
11990
2800
90431
3058
46846
4973
10007
66790
18523
42502
59367
86877
46842
20863
96250
24866
12332
40445
8275
3212
89945
34790
90791
17560
1634
97239
21262
40165
67805
94155
33638
45911
3926
28376
19892
73272
34547
29708
96323
56681
72275
20853
75812
83235
22291
47694
5870
82721
11592
18709
9871
44994
71539
23903
18057
85503
40091
22720
58623
86688
54340
88285
44482
12646
38411
69998
12924
682
5676
52749
32410
18577
77929
92065
85782
54777
64048
62572
35281
58624
35614
67033
80547
1011
50914
55798
99926
42019
98286
75476
48584
10539
44024
18047
16255
84546
85393
5066
60899
30834
75749
3410
65275
31732
66061
80385
23236
77974
8152
43633
33064
83878
5852
14110
73396
75739
73018
41683
49968
89190
88077
55713
71675
38926
27882
26052
83481
18700
30228
33934
32653
36083
92587
84730
64672
69269
7004
528
23159
31948
17977
60635
62449
42775
65118
80236
99420
3791
4107
2025
2191
50974
98994
38279
79534
86972
28398
52503
79105
68463
31038
66994
62958
15924
37063
33025
76579
28140
65901
66361
9021
26649
8660
60674
29443
34583
8466
7787
239
21221
34039
64
15959
97628
86432
88192
14225
91500
37190
31913
93628
14507
70012
73847
57992
110
25845
22630
20232
18559
70223
86169
70973
58696
50290
37891
75199
69563
5336
40221
37238
20017
3759
4480
82770
4084
96712
58859
58608
20564
92204
53034
15728
86832
72066
90970
53503
56005
94510
25315
75539
36567
15528
54271
2530
44391
33907
10746
66522
38905
93822
10240
18371
15813
40909
6065
16081
6415
59857
67243
47421
4653
2035
64841
73828
46540
84953
39695
52462
64474
96565
89026
46754
52965
75475
28838
64655
59195
71020
80537
24480
52264
5499
82020
10094
36014
61299
92394
24192
60928
33425
67025
73042
79895
73364
73221
48572
41296
98981
56858
2675
90248
66341
9024
87530
50751
38817
45979
25186
66392
86982
28307
73843
8192
15301
49075
94435
36557
44743
3671
515
13999
48943
83925
17959
8897
4968
31086
26461
80750
54140
80777
12327
86797
2289
4935
61364
33560
42098
89994
4014
14260
83672
48771
31428
20314
29156
21960
33682
31324
85912
22704
46700
65655
2224
90864
73721
32660
59179
4655
93117
34766
74243
8918
98084
65077
91863
82558
66359
52592
3645
18485
42010
30268
1276
75337
17614
4065
82705
75383
34165
54227
82913
84699
72183
64615
21513
80862
64906
43791
21555
51288
98710
79339
64225
91512
87029
12181
92002
76364
83261
12271
54937
99309
13760
39612
27557
88391
78281
69166
71359
6354
41335
62149
27669
61774
47099
12263
94025
79017
90696
4029
8061
59948
82270
62758
86768
98772
48089
4293
85143
19528
17469
9140
12197
74226
77351
75940
9780
21355
55198
13195
38450
52161
74113
43504
51393
4788
55045
56755
39999
32550
72928
95187
77001
1815
79820
26103
71447
42952
22066
75647
17749
85795
96075
63148
12847
12736
12221
53518
81140
33434
23452
60556
4681
11971
27153
33494
56085
86501
4647
9616
28184
62936
43706
78233
589
77927
47054
58369
88332
3753
61190
15148
50469
20520
84219
99942
23171
20486
77587
51483
53847
23868
36070
42346
59494
17557
83735
83638
75362
96036
44099
28559
30051
68
69115
17456
43222
98070
51346
84781
51429
77913
89452
53788
40125
82518
14452
24124
41285
22502
49143
64173
77566
90256
59308
67558
84997
76619
72299
24482
73547
70762
96561
69091
5712
11700
30485
31616
56227
55006
97123
58353
67484
27581
73174
16471
37321
2135
85977
80284
74892
79160
43267
83455
32924
10929
97439
43884
57956
73801
62101
64154
42229
21245
53880
39750
7918
7782
49820
81035
35556
88398
68260
55713
97647
83202
84040
1351
32415
41005
32250
23911
7390
389
52325
56741
99570
81897
55108
30015
69343
89659
93942
6065
74067
91109
9677
91747
60158
27562
66724
40423
96833
85673
28681
10059
86372
70360
26136
26940
86783
96455
23113
60835
42325
7155
24670
44929
4435
79472
33391
9791
41689
83805
24366
54600
62615
18901
71283
87566
48187
29245
33784
96779
3465
94547
21167
63192
87597
91813
25786
79260
4721
6056
26696
4184
60246
3376
18167
15033
58119
77366
51704
26939
79733
11416
23259
79392
17573
56007
79490
10730
84245
98111
67571
67441
48714
99934
74397
80540
38805
99645
55119
7704
61246
48995
16399
92797
72099
97519
15058
91881
89705
78999
19485
7253
60390
45070
9032
49252
31028
68053
87709
91189
87974
29117
70619
27025
86702
4760
32743
35097
37008
48969
83258
39308
96351
71908
5721
72441
68310
99310
49983
68422
24505
54718
89766
34999
68648
19543
48651
46669
2694
95120
52911
97560
91955
50774
83351
68511
67979
65913
88955
81330
31201
81033
39626
97221
7291
1465
75668
25404
10276
84510
30153
75940
6054
11184
18087
42355
62348
73550
50743
49678
21732
64299
18402
80578
58656
42315
80046
14926
40302
75134
17460
92397
30661
43696
61032
47372
93236
76478
58535
24160
95802
49696
91480
25854
29057
96944
627
35246
31670
66902
58358
69173
27615
88500
51749
43783
65619
85275
39077
8850
81597
21376
2886
94041
92756
64522
70899
90448
24237
32505
84515
66619
84261
49269
11392
2658
24424
68963
98947
55270
19268
82628
35882
30946
70162
6146
61621
78422
26712
43739
32433
24728
6073
44981
80216
46096
4067
29265
38442
41733
7255
8615
60026
25310
78996
25757
29320
98935
39393
86750
7041
85117
18666
72081
21791
93527
12957
27617
24857
98549
98578
69235
1637
7724
86028
40765
31204
62939
4540
29001
6285
78402
31015
57986
49664
71703
64321
86664
88485
55318
53094
15869
47145
22604
92497
56723
36560
6109
88163
87010
48715
95227
64629
79690
8211
86680
40273
88316
77439
411
19147
88969
65935
50759
20835
99777
40724
36039
52558
30568
6542
78956
59469
12579
25767
78729
38486
40089
48236
42057
99102
14710
38879
61717
96322
29331
53763
54162
85750
47906
91982
8239
30503
8214
33706
59830
91634
8227
28326
35501
16742
80593
49736
19105
45283
89757
85218
9653
64469
52939
65946
71693
44630
44220
54449
41911
52675
90365
83305
58138
73416
70130
4383
62365
94763
28527
29515
29339
4657
37621
83111
14562
80290
87845
20667
14200
28444
7260
79479
52915
31006
28552
32912
5144
40642
79899
30579
61960
67271
52436
70353
47831
77884
45724
53665
45177
90779
39068
45359
27649
86506
64646
53744
15947
42621
43738
19674
8279
95774
40353
75599
12086
85251
57026
81941
22303
80823
60384
44814
28914
29845
65911
68848
25473
44887
59706
20693
56967
49047
7986
77629
2395
70802
16553
97250
9132
25083
53578
63323
38321
49172
30291
16220
82664
84110
85240
97261
71078
17288
91869
17817
28734
30435
16297
63358
90004
76025
78099
3705
32250
53093
98940
68560
34073
49514
30120
94728
1388
57870
41257
75416
30639
70885
23412
28761
6445
69369
46678
41459
36710
97513
69365
47201
61109
14131
90823
90980
53939
59585
55854
17378
52837
94063
4009
87308
41012
55315
26407
97703
27094
35194
44684
17562
54000
45287
14586
95138
37109
58254
3040
94124
15277
68726
50739
53310
47108
11727
76184
42952
79906
59253
47638
68755
91606
62184
89381
69306
68194
31332
42118
79903
32996
55719
56194
27979
5571
10882
9541
65273
83315
15566
59709
18317
84832
56849
36877
21737
54017
75240
41853
49381
24773
14236
71996
99360
99563
17836
76757
63968
2566
36202
28567
45767
34236
61565
14975
86691
1668
72058
62464
30456
71367
92222
91830
4064
25060
61353
34249
95772
90823
69180
18495
11579
20740
45732
34478
29293
77691
42154
1285
6262
93817
87600
19225
61193
73209
61219
78189
58553
23205
59226
53189
61641
38756
23928
60495
94330
86488
49904
10482
7347
93569
71140
80444
52742
27076
15221
82450
75315
91463
33348
23610
35539
28902
97232
30481
51980
13191
16475
52435
66674
12581
71011
12971
63227
18394
56486
50651
81705
41293
89066
39394
30902
10888
42368
86946
81146
3731
20860
56642
23743
32741
46152
93855
28766
29727
88983
59414
46672
48503
79220
6097
29447
19267
12386
27172
22095
14223
78447
42979
80822
95507
63391
92321
54255
86392
77581
15320
86501
56060
47783
31968
10482
31285
6302
84059
3492
95741
5197
6683
41430
13706
25829
29511
70338
85563
36243
92702
44641
29388
99644
73112
42962
66912
53218
66404
49430
16139
44790
84976
36510
72417
8431
53251
40095
13750
34777
13380
36672
83551
76466
83840
35076
64966
71667
45
19807
96194
65441
61503
45320
62764
252
42268
7147
87774
91476
54887
89357
85028
71573
23306
19754
50363
20434
1609
3121
12967
46364
16721
71970
28558
79626
59348
88599
93905
17962
14674
84945
80886
37030
15615
38613
78602
22183
6899
94220
37112
80591
15113
74465
34349
26690
25754
76060
75235
93416
95957
21604
56675
23126
18734
67165
47694
52694
47522
49095
37841
12440
35882
44189
714
52734
34297
53823
90294
10284
11180
4930
33285
62103
31424
75674
58579
68474
1941
18263
86494
61045
86731
25043
34309
26536
37143
84268
29606
3777
8111
27863
36984
51306
361
78918
85292
68597
52855
61124
37099
84564
7542
80791
88647
28408
72717
90672
85267
11876
17412
32349
74747
60546
21484
22125
58812
18566
63493
48402
81505
55066
72606
65388
58230
76727
21473
89675
15988
4334
49291
56614
17659
28066
40850
99764
82252
16676
59234
90143
98435
32447
8465
19725
67157
54033
59746
9935
65509
34580
23722
30554
3926
15817
5842
22615
27961
84
49858
51163
33395
92596
99618
35832
55224
97784
27756
72443
36658
63846
29322
9331
79798
61941
16893
76704
14630
82621
25340
94352
64892
54496
12329
29355
43886
77339
14094
4575
58413
98409
8630
22875
5063
37598
29304
9878
43583
24528
90617
88588
40464
2658
73945
53374
24449
55363
63619
37090
78985
81797
7874
87368
91936
44805
3179
56362
17710
19858
74250
57330
13082
32723
60171
29654
43529
91352
52458
55853
55503
89600
95671
35980
75566
94355
3455
69072
12054
29158
90126
598
97245
33565
54898
23233
60519
48652
1423
83127
68342
91107
59755
22236
59253
77180
44950
73876
42046
99781
25350
29232
50944
50171
71720
93489
82275
32354
68283
28161
77073
96261
24396
60658
8199
8749
85666
13754
74970
43816
21544
88609
93329
4243
28309
19537
17540
85226
52937
17223
13727
27179
79166
38012
68582
48510
65440
29098
42321
31060
11016
49743
29151
4234
16484
41319
16679
59191
49427
52229
71719
76834
40601
45522
9791
76026
52981
17157
42141
23690
17559
79021
89847
12891
87710
49496
35954
78595
64318
20571
59972
77292
88557
48241
11553
73799
23294
21691
73327
29733
22004
30791
69539
3633
82726
49476
71164
97574
87702
38695
98764
46564
83933
84402
37302
17927
7177
63274
24391
65237
13955
93287
85390
35083
43867
24047
12704
77679
82184
81995
3410
84174
10996
35987
92053
12412
14575
7066
35933
75963
29016
65280
96423
15776
62097
26737
52683
60316
35628
77574
39663
26025
23530
9729
32280
57084
72222
55936
58148
74088
9785
16380
88795
94466
42624
50236
57055
2382
21227
30398
66302
8111
63470
20169
2977
26950
73791
68446
68122
76821
15391
10566
43358
8071
2445
10648
9590
11061
37391
98741
52588
56687
92212
54469
81547
91514
89592
47496
64791
80792
4523
8595
13756
42883
71383
40868
78489
46230
52034
43402
7694
13292
59850
46655
51751
94115
84263
11125
72214
29133
56530
3879
41444
35264
17010
34195
30796
81294
48775
58915
49524
54674
99742
56479
32353
50497
43116
48839
24908
93035
76495
55765
56466
90474
37381
49436
51786
9150
75699
40643
89018
24802
33806
4871
50274
24776
63158
50187
20958
8558
74660
45220
21137
45062
30360
26507
97173
34996
10746
46099
85162
70711
73369
79515
88059
95619
77059
29742
92498
94586
16046
48136
10868
73290
54958
57859
83763
3081
67444
15248
74464
46874
68957
11930
31314
86182
57596
55223
78459
36062
12332
59668
57506
27839
79448
98645
6560
68680
1530
61133
7311
68226
96447
99924
96318
56143
80714
8173
15024
54841
96201
68037
55043
65873
27334
1019
80800
80666
89259
32745
3903
29358
80960
51857
21216
38473
108
56839
39751
38947
87551
51373
93479
11579
47379
29989
14362
36775
17985
37326
15806
82054
93774
84863
49374
5325
74581
35719
43804
80517
19290
57332
7500
96980
35935
22817
38403
3180
21726
16642
70987
68743
64076
61520
88407
78866
64989
90551
45194
22407
2811
69754
85800
37788
82157
49294
30696
83146
95124
11846
5860
88411
49242
83785
58009
23928
80919
49830
13648
87992
80344
8624
82055
92106
37556
13282
47660
50235
74248
25161
90353
54538
40338
68346
6774
99234
47660
56643
19278
62800
29504
64267
20363
61157
10259
35275
74691
50573
66652
72908
97874
48457
43690
53101
28703
67411
15171
80538
3583
30980
25376
51877
27598
13044
77391
37574
52736
86643
75499
39701
2770
87836
93681
76415
13321
24202
51259
35514
29420
28314
94579
37867
2124
61288
78358
1166
39689
64200
82789
42720
15624
343
40615
26998
72603
6080
78382
10738
76524
10475
11414
59032
5461
29930
81210
62960
46010
21329
23324
78514
98878
52284
69740
83642
69976
64845
82298
95079
85643
97532
77311
52303
93424
19413
2691
86286
42033
31433
70749
49205
5804
38507
39654
423
77122
15805
91095
19652
87361
50578
11702
65671
64269
89431
74523
38712
98756
35280
23742
58456
60240
58229
31220
58788
26570
15878
24691
534
18300
40400
73035
90779
75062
85641
2119
84731
91778
30577
68311
11830
22939
59619
99835
53093
80273
75456
20551
26193
64149
61611
57523
52460
10110
61160
48801
88517
74568
47505
98040
16826
72663
12500
70506
56151
90386
32312
64267
73966
19424
12011
94445
44784
4290
53000
77146
26456
10497
66276
72213
97940
49964
91946
22125
6197
8716
66960
70853
98719
27469
31949
46450
38398
60883
67020
31941
14323
23426
29788
7889
53691
6553
93431
58706
17370
16595
86583
5349
92687
89362
67531
10624
30661
70439
37853
95475
8158
54964
9525
29582
17312
61110
62607
30786
96742
23041
25015
60551
88397
35054
91563
55096
83157
20276
41132
47586
2567
4179
60133
1012
14962
43610
68634
67586
93964
69503
29574
44703
54989
37259
18999
5370
45112
61679
52451
16577
258
16381
57263
55921
192
9752
52385
18359
80958
35654
83074
69902
40241
82570
86780
51947
43192
1971
12542
89017
78346
14520
41546
91250
90909
74819
3116
40426
76290
15518
9992
30538
1946
17613
99270
89992
65308
97574
99059
21246
18608
11834
49029
64720
13721
24788
44202
34874
54294
71227
67204
81158
19476
50698
83834
65102
55973
54487
42139
80596
55635
54748
32629
90163
28165
87248
67739
68001
18277
80059
10258
34854
56241
1487
79920
93401
7793
4942
96234
82165
44263
33965
25470
4260
97658
2815
71765
9441
3884
66405
38758
95576
70500
26316
32520
68937
78651
39159
70319
29975
15677
97179
28935
16755
99656
48467
11318
54318
80290
64599
98658
50673
89268
32712
10562
89701
15765
21517
76953
91121
2903
16655
83918
16403
26220
26807
45043
30479
47507
78695
43470
15978
7111
16155
5645
88665
93663
16858
95108
10441
21192
26329
16158
8611
12088
38037
30132
44011
80011
78109
56112
88050
68375
92128
31703
42735
14068
91137
66921
67220
64862
2875
92539
74566
57730
9032
93754
96238
29131
8364
76206
44901
35916
65248
66239
98665
10352
29114
48809
17396
41316
78337
36530
1625
60908
46638
96879
26583
60658
16414
91919
65853
71900
41679
24611
63015
49241
10021
54495
51775
15056
86022
25770
96658
24737
57898
49980
29775
11484
93381
13470
82881
20897
62923
80807
69639
45743
3548
39220
41487
55347
45874
21736
13409
76031
73187
66885
65565
54354
49609
12649
12068
48994
90484
41383
90609
93690
52190
96389
73110
76827
44638
15920
72693
75941
6341
67152
11929
45396
3191
11975
9348
20003
37319
78523
11059
81336
27253
64339
69809
90188
79748
16927
16445
50574
94237
61814
35213
50860
67759
55087
31328
70790
40007
24434
93592
49295
35987
29957
67577
20269
97261
56409
42286
47752
34632
46989
93424
39351
51912
25332
91144
15036
58323
91779
74376
71669
81411
41132
4871
6341
61500
92583
67151
23775
7350
37842
18657
59763
68614
21971
24436
83208
85744
74448
4441
68878
78880
83531
53628
27782
86631
22436
17835
9761
65818
55624
50355
5807
72573
52751
4975
25319
20463
88543
50839
44884
34173
81732
84671
41800
85625
38483
65565
33153
98594
34003
7677
77972
17377
81078
55476
12572
83182
35255
12315
26111
71845
41996
6786
80692
17590
48910
25314
52258
63015
36236
65008
17308
35477
86792
81639
3317
49745
37974
61799
88053
37343
14161
45032
40988
19696
97046
55117
88498
71999
33530
97910
79133
47145
96058
69630
34068
33086
36846
75982
96831
83190
87928
41046
25439
98408
37608
77802
72511
13297
59026
35300
37221
63060
70165
63364
16262
58551
3217
73790
19965
1162
42385
39234
82933
78629
24576
18715
69939
50248
28647
70489
30037
88707
58172
62010
12037
17080
64910
99319
8785
22570
42561
56205
42002
67079
36080
24540
52536
57990
79104
84094
84519
61704
65706
31413
806
52832
76560
69592
83276
70212
25372
31639
91378
98883
30519
43550
13973
25751
17770
25180
46583
64907
18122
26180
2189
91932
48677
54810
98891
64694
33655
61424
91837
10925
63086
88535
52179
61574
87246
22448
28423
31659
54246
29642
26402
62582
4034
33886
10024
39965
37244
70276
1976
24191
55418
19394
22900
15587
82937
1583
61935
39564
10979
98424
85661
48745
35046
80047
50517
35417
49894
38854
27368
19933
76033
887
94130
90721
35649
91300
3969
980
27116
78046
77940
4771
72016
20556
50391
53081
49048
52141
96418
30300
40589
36235
51882
29337
29290
21301
18633
5661
64561
74951
94687
58711
420
93876
99026
15593
24429
49695
69683
69898
24052
42925
96103
91333
11531
39542
7818
57559
78872
99009
94681
52208
17668
58079
7080
10936
5037
29735
10137
7325
67913
75960
35341
50777
63717
40645
55425
33776
43206
6883
61127
52288
30460
58315
8274
54180
58867
21343
85797
26612
12974
10830
51473
92568
19932
69787
50825
70127
63950
92581
49475
85162
21439
95519
85739
76161
2999
26873
97477
2403
40367
53787
69291
80030
91054
50063
10272
37040
78779
3052
51674
57261
2822
67554
97793
40774
56726
42283
74267
6672
89461
33491
27447
99397
53887
29605
23230
3719
44782
2302
10860
14366
78638
97864
24498
81174
13070
51510
50195
76948
77547
89216
60499
41855
52492
4
73751
50922
42319
61144
72497
56986
77203
92983
66644
16600
69222
34118
58278
9751
93063
5028
49580
56173
21308
71763
94755
49646
63853
41214
28841
93209
15215
19732
48575
65873
5031
90730
19253
71425
96206
29678
74422
68806
72851
22075
20817
67702
27845
66759
4713
64922
16065
23467
29685
56700
20657
50683
77161
85714
96373
97752
76218
29733
69274
56445
20906
24599
90289
58939
44724
40042
64422
58211
27590
87008
46037
3593
20081
26715
81609
55421
34142
72342
52457
14213
91595
92985
4685
9997
62895
4734
70984
19223
4453
8947
30290
43133
84685
80539
36285
78624
4665
37589
7315
31373
89208
63731
52903
87021
45853
31755
76658
42143
48014
79589
98650
629
97269
74641
20223
97832
3493
18910
22424
94302
60309
70497
41531
31702
64493
527
7490
95916
198
80664
16751
60680
92375
49044
73831
57681
49797
5469
74414
76671
22574
99514
99244
37488
34336
38444
10866
37195
76489
85807
33565
2330
11536
4677
79927
16912
27220
66136
62062
93732
69973
19835
89810
51578
48342
68172
82340
61620
74720
76598
54374
23865
30276
3533
49582
88485
66053
60122
93667
7800
79755
33702
57706
24048
94630
86329
34987
82677
3073
85572
94750
14155
61882
15846
28273
35915
75539
72148
18518
82530
26207
88260
69469
75419
72803
35102
273
19660
41657
87904
57830
90829
88593
30358
84300
65635
81959
46255
75316
20152
5459
94747
6615
16375
202
48482
39555
79879
82277
33478
27944
93976
84407
4830
75541
32500
93873
58623
14566
63243
45705
54508
62789
18294
71414
41837
66354
73518
89798
92518
82329
24123
41591
6612
73023
52019
21137
20965
27992
89627
68185
87831
87425
54562
99138
31621
2100
33750
8465
45356
30276
9363
40427
35852
78259
52883
4029
91768
9601
93407
91978
97221
24546
33194
40622
56444
95544
98227
25714
48342
88493
79471
6909
19442
28796
6677
41774
37433
28531
34234
73799
2318
5295
93731
31639
23755
42429
37062
99374
95612
26824
38436
34358
61663
21136
66759
10803
35384
92448
54935
78402
15692
52788
41474
73396
54690
81877
77423
17783
27730
46624
53438
37495
86753
51673
1134
14968
52359
95795
59037
14436
87522
44362
70238
64491
41549
79200
24813
89980
88055
5981
36360
22231
2773
85256
49253
66031
23367
18594
48594
25891
91808
48182
20178
63529
3622
12770
17370
76894
59571
78617
99075
7491
54652
14110
41788
59447
51990
161
16245
33463
50455
47787
80368
35377
55908
31136
96558
56075
97485
31421
14191
34249
3960
78365
69014
97602
9289
84817
48118
65372
10660
69591
65484
32369
60730
26604
8737
35883
92893
79850
55010
54828
72448
795
86619
25828
83854
66636
52946
2199
36859
37812
53534
87127
93582
46492
82904
46313
79391
47186
7208
22172
32023
41225
99782
84102
63913
49249
81853
32738
77444
86754
16309
88295
17749
45002
8699
65978
88725
22467
66795
25432
32982
44409
38054
18453
73666
31885
69917
44559
78944
70651
20834
84753
68486
9721
47206
791
48266
68736
68971
13486
7515
72971
77597
67586
16882
7007
30638
56028
50002
14497
50619
33514
97890
9585
55033
5924
13931
76129
89059
48841
95154
65539
6153
51796
94386
75436
81672
76491
40962
79302
88948
26491
99319
15626
36005
465
48475
27745
69453
15659
75952
76265
26127
69047
34838
82942
23648
82317
27948
2099
31614
81811
38517
36769
19445
66444
43008
69340
82614
87438
14655
33389
11730
57814
26644
60734
80346
47150
89667
7477
22338
59905
71741
19665
42431
80047
23567
51210
97221
91183
23686
14520
79799
9257
24946
34482
4332
23741
71023
72524
58439
35076
16343
59587
24064
92331
60530
75466
81525
65390
80131
63902
56836
68202
24318
50499
26425
94316
48430
16786
8340
69941
52655
89874
98766
22284
77689
8291
78824
46833
49025
84726
39996
24025
50110
94238
26779
1619
9440
26915
29909
19078
18169
53745
75941
34541
72242
75195
69957
33145
62827
46694
20931
85909
73684
68060
23720
84191
73475
8498
98404
91308
86127
74031
93693
52674
36892
88178
15252
13805
5319
19266
49508
99466
2451
78403
37110
52745
10941
39207
50168
87420
37627
85064
74604
70652
24613
18051
41007
9971
38640
22391
50964
38467
19399
51704
29628
29287
82819
12018
81671
85288
12572
90465
47162
17594
39599
22986
8025
9854
95078
76083
84318
66635
16886
32653
36830
68815
71403
75446
77711
63474
66359
84675
55224
2424
58706
10840
45134
92968
77840
3040
74580
78960
6466
57369
68433
15587
3283
58098
45072
21667
58289
54655
80700
48188
38874
70969
37390
43738
42095
25993
40683
60524
39230
73346
10609
61519
6253
83772
32965
92096
53571
53332
26276
46048
8832
43017
3173
27477
91008
50332
74101
93827
49280
35500
8309
37323
22696
79737
5740
86031
96254
76295
1139
33264
43091
87168
51426
26447
79324
48529
9923
52423
53063
55393
70487
92604
42814
79738
85118
96293
23069
17826
93450
92308
13546
87413
34247
27796
44037
95953
29886
6702
32060
46051
717
3953
93147
72887
28739
31630
85983
11118
38938
57327
15891
17483
15287
78984
51745
7794
84050
81508
68591
97750
41620
14336
75002
59192
50752
88898
87333
54956
42071
15529
98131
64599
94977
98956
57240
87679
2239
95644
37067
34582
58840
73971
18552
44016
52032
57888
35685
51191
2526
64400
29524
67988
83068
86376
28691
81974
71916
92467
49277
74842
40368
5264
81807
4578
32803
26582
17866
31294
49445
85762
25291
93182
15591
49940
43380
95501
22711
11502
55539
27605
63646
77211
61323
48155
87550
87566
29256
56143
86726
62659
24158
30618
35932
27052
93616
18669
64847
93087
28009
5499
85484
71472
27114
5402
60435
78580
72378
89863
39109
9229
16699
53922
59151
49418
75239
72793
84238
40631
78268
82975
47401
55713
43596
48089
56821
25818
20477
97968
90781
98373
829
39453
79200
89025
23901
74344
97230
92493
95680
18190
30586
58264
75888
56819
31936
53165
66034
63356
94093
45759
63791
87706
17702
87007
45487
13210
97406
47606
40318
17308
31640
65505
12982
50378
18633
48637
10168
4086
36057
20231
6027
49801
70127
80977
55904
39276
57003
99806
62960
60530
77931
98137
4486
46646
66194
66110
9695
4850
18694
83982
64293
48150
24336
78777
96705
69112
30877
51420
6216
24088
98234
64003
30733
32639
516
34299
51339
33169
65273
41880
96062
53940
3493
45094
79605
33376
40412
50946
99494
71718
43750
26692
87795
76631
36160
30720
83491
36338
43388
76178
86408
43037
58675
580
41098
78909
57291
24920
38794
95631
97383
93283
39724
35709
25522
41648
20008
51029
41421
24406
48568
54729
94901
20983
13944
6411
28797
91125
65362
49797
82723
85675
83652
87934
56532
5479
65150
15911
34661
16751
23164
22728
94892
35292
98833
42156
1175
98329
20509
47680
34756
41614
49256
92948
48921
13608
68810
16056
63371
77516
61095
75289
48295
96041
27700
73106
90830
69425
15654
15422
67393
84090
81124
80027
77818
42208
30585
63423
3249
53337
83972
7858
74700
26194
13407
38736
46577
51915
63249
4043
51746
63007
75812
15288
60517
87220
39673
75355
3624
25662
34037
75117
89200
24460
88987
80221
14921
94978
31753
24837
50521
51001
70972
53593
71865
86781
83703
86676
34573
77961
66421
25269
52613
55239
79507
98823
7166
87073
32623
36882
4844
30215
90062
67173
65827
26408
81232
3470
15698
98454
48007
974
65224
63336
33219
2250
38447
32420
42137
39902
64218
65085
21816
31710
63328
49351
37781
82308
56720
96951
8062
29883
65038
2887
72452
606
22913
93292
21412
9801
48938
53859
71057
82327
75306
38608
53142
82153
77639
72626
54135
43723
96419
54829
93654
54375
5601
29008
15006
72074
80740
2939
43735
33236
51346
981
72947
75148
54199
70636
58191
90586
83729
25978
38636
58831
10618
36379
3219
53480
65952
85360
33512
82955
74505
81466
59788
77498
61065
79012
50152
22982
20045
67560
31012
34787
87086
24757
86374
10006
14354
48607
21292
40273
23445
25008
10801
80008
90672
35063
72543
50268
14315
87975
60704
28649
28824
86169
58337
69689
95770
35457
54726
63779
24089
40516
73507
86111
47746
27716
13114
19446
22788
58624
52630
99187
44315
95281
69534
49794
16421
46953
98443
38485
12891
97691
92927
47937
85402
48507
97136
4548
42704
35352
52371
19853
45099
1487
93370
96761
24994
90836
31586
17832
32474
53488
30625
17010
71629
35821
43049
95544
76205
38468
99194
99581
58712
25486
62688
2973
8162
92736
91882
24005
85173
59902
13287
92278
61201
20837
60531
79317
84289
50011
17592
32953
70129
20838
32979
56749
33557
23784
42581
57274
63549
61368
37092
75866
17933
65963
1285
84585
60435
77250
12238
56570
35948
82251
98928
6991
93765
89811
48086
7206
85654
76166
55878
81347
80117
18266
85537
68420
12114
79849
29946
3356
36738
15281
23863
87475
67369
97638
23565
16026
17283
84118
23420
53
63145
70857
89285
41545
16430
95479
14340
19028
58792
1834
37042
63116
64502
82374
27668
96941
74601
89375
29906
57799
83878
8076
39160
54541
37635
81753
72863
45338
20885
42915
74775
46268
27201
49636
47180
28922
43648
48338
12548
89473
68279
56226
57696
36262
13564
87733
15634
76446
93970
6115
64006
78568
82600
50007
54016
37525
55598
69317
31147
81467
2035
47795
33983
37610
28055
55679
14684
9955
5328
3988
90236
73087
96175
36207
94741
99910
54561
36799
77644
46177
60318
8096
48363
2068
69049
93122
56679
4559
71143
64534
28972
71469
49076
4698
13730
54824
10773
33630
29299
12028
24731
456
73623
41805
85182
88784
34236
13240
24483
85045
42794
91040
50357
69725
53537
96894
4516
95626
85153
64236
39273
26676
92978
37409
74657
87661
69106
47562
69534
74224
80356
25836
5886
27584
4980
48730
412
46249
78002
75606
23977
40284
27689
77483
68309
37732
77116
35795
68777
49379
74942
852
31615
61567
95330
30804
77817
97413
31716
88982
77326
64835
44569
31653
38127
63912
78015
32581
38666
87825
59811
36281
23209
995
97200
25299
25170
31055
95762
44081
19505
62692
39934
33895
41522
80318
3950
78998
39165
63883
94493
11065
91802
95002
54513
58688
84023
77574
31670
25810
56873
96114
24486
83310
37425
49735
79517
19914
22969
23256
63977
69751
76214
52570
96665
9666
43200
60591
8816
94597
7783
83454
46530
78055
33664
55770
57718
58959
21219
93510
52216
98283
52004
53172
66779
25381
45780
15564
52816
23369
91925
86590
72268
99926
32965
82701
33708
71129
88193
91915
88128
98297
25192
93494
78798
17673
50612
77052
12013
48859
1595
76473
69175
80096
19655
91843
88245
49401
94027
55511
99160
26800
35376
88832
82783
18859
51795
7401
34707
24525
63645
33613
61132
25853
35915
67484
92405
6905
1764
3398
3819
43606
75988
59047
49870
21126
45632
97335
70779
18918
27191
62832
91139
72097
36170
78404
90375
61558
48973
22027
97675
12686
98128
90336
79824
11143
44820
89500
81819
9156
37668
18538
73053
4436
59120
18888
82559
54014
72600
92743
91595
33151
89419
70701
36763
50031
44312
72665
31548
52265
1695
24555
4108
18570
63577
37551
18560
47120
75075
94346
70588
47022
81828
97063
37814
60818
43834
99672
8558
73947
3816
83234
26187
89031
88634
5134
56260
93944
4783
988
86078
98805
5872
46296
41761
30340
27387
91555
97613
12454
30797
39526
1956
10057
60092
49099
85630
28213
99210
56525
61109
22846
69629
63342
30491
66441
56657
29115
88751
73862
49769
74521
72702
95034
79390
63624
64734
68704
65881
80153
91489
76091
49278
61352
98273
36484
89907
10890
10342
30096
98096
99623
54449
38035
15748
37691
21647
15138
34085
79776
27401
30342
92668
92151
24781
33052
48599
35157
17970
64479
39205
23088
59949
89816
371
83199
40171
58400
54677
52261
84678
6179
37209
14855
49397
32877
99526
40758
78884
52730
49457
28691
74373
24617
56439
56862
1301
49715
13877
41019
95399
84839
41578
40253
95149
59275
55463
34613
91490
939
692
79772
58350
96151
86654
49884
89135
95077
96373
78926
78296
17394
94690
83464
35359
28845
22004
26918
89993
75915
37071
80225
93906
98382
94032
76546
38147
41507
94164
13826
4055
11821
53094
97391
23892
91903
10269
47117
1919
43781
22514
73633
62512
57460
7869
62043
76325
39065
31385
82132
55580
242
4085
74106
66713
12025
13890
53637
71400
36460
30897
50948
88149
81302
44270
38352
50350
51827
15983
30697
41213
7011
50573
85142
57274
65755
93434
66616
52171
31462
18085
50562
1483
91273
80949
4570
63435
73400
45072
99347
85169
35897
44574
1218
43843
77231
38517
89755
72180
44287
47926
17659
56091
86853
87009
62767
17290
76316
72723
73518
58271
34034
62969
85463
67454
4837
64299
89012
58743
14841
63540
78119
59629
30785
98527
64392
49265
98338
84420
7131
35444
63830
90471
43709
76726
89775
54663
61035
50242
1426
75003
54976
62556
13611
75200
66823
24760
48179
19243
2224
23343
6469
55159
42446
56644
29821
24460
65487
34321
70997
14330
8792
79695
93866
50564
64346
35567
2580
75328
19014
19197
8919
50934
21089
9493
80511
64438
47427
11283
40423
8421
60956
92266
45334
64931
69664
8834
46060
42503
89528
60789
31447
36591
39423
84713
28088
35981
82074
7647
31861
7890
1291
98958
83728
92649
47247
71261
50500
15205
81274
30333
52809
7938
79139
35495
12228
48701
53788
5670
48437
74852
91120
15815
23520
66893
92345
52660
18175
46187
7286
55058
46925
98643
92369
73401
33890
18460
35634
80634
83165
98219
26804
95765
99382
7482
53241
11375
79370
26126
90206
53059
21163
93619
17779
87005
99396
70094
91805
44743
24549
56006
89098
52655
93997
75410
99768
10660
93289
76068
34431
84748
7711
43032
35674
91633
50333
7179
27423
24019
70915
78876
2733
83823
99235
91686
937
8554
67297
8039
85186
78368
6044
63670
53064
29811
48008
98662
15434
39731
89877
91866
18370
81173
61031
42378
1637
36363
11560
99735
43005
24477
40016
6584
22797
52910
19173
59420
18630
16520
3018
47613
83081
22837
86323
8916
44449
60332
8864
86023
7668
18747
61011
12455
14753
75522
2317
31206
20328
98073
92046
91705
10407
7119
52879
78094
62462
90470
24733
6657
6219
10149
64820
27640
7206
50141
56844
11228
10020
52935
16631
71616
29816
49983
99499
48004
40854
34799
92421
22648
11455
84441
6588
48050
38903
33814
44387
8590
67622
55613
17931
93770
81501
19430
45213
61162
19385
10554
15808
44018
32079
16820
92813
24996
62768
51977
97525
60313
24058
54040
76376
69915
82360
76316
88419
55325
12250
85213
41566
8012
8783
7909
80115
38421
15201
29524
94772
49548
20373
91953
94664
93759
25804
59923
69070
94898
91962
40624
40118
39584
93660
98205
60610
65397
53559
98208
14897
80126
20432
10678
68810
5575
93702
69196
52664
5579
71548
37164
80065
37372
20293
21052
30815
33162
48978
82867
91291
51782
48816
26932
69588
22813
40569
63581
58708
86295
68726
60980
56270
12378
37246
11593
94566
85970
55276
1214
5196
96370
41033
49590
8323
14606
47832
81796
74809
16397
97998
22567
43246
13491
61547
18364
551
39321
52852
25141
57551
82034
49922
12533
31036
85326
85004
91065
71783
73601
82495
54104
52068
24192
47424
46502
68763
27104
62566
24542
49181
36545
48059
39079
73146
86942
18931
52578
26435
92749
91912
56718
33623
22007
57462
45655
33919
24958
45039
88758
38271
95894
93186
51823
20400
1764
7583
54870
28426
83576
37394
36269
73991
41952
29062
45605
7100
44884
87774
40023
69948
25508
47328
94469
28899
48271
17790
61402
25841
12632
58158
2407
1227
84142
85880
74363
74360
33586
84778
72558
89843
25941
9378
13114
32021
28381
29339
22233
35402
38438
66601
93037
21813
8810
98355
22398
89248
44212
58561
67131
71358
7307
69208
39444
48664
33271
46077
22682
75109
32973
92895
78549
82835
85670
27721
67430
86492
1900
50900
63436
12278
1961
19794
73081
59038
79193
85166
43576
4110
78209
14425
8251
88422
4328
74203
71909
50054
65298
58917
72159
96273
5587
62325
85638
97398
68531
47870
30714
22251
48085
75605
17612
91215
3999
28152
39359
51041
67083
74953
88226
92052
78498
56186
989
14025
68331
10472
47853
4754
18173
12583
27988
77143
43885
44731
4235
94563
73179
53072
56265
58038
31006
90271
11582
57411
48507
57010
87603
92347
16397
4959
62350
34233
99314
86410
86256
90383
24316
73012
95578
55155
79294
52583
77214
24858
48414
60657
69416
1715
73655
21155
91757
99505
16746
5144
33708
37792
75629
28231
84338
88277
97184
62135
96309
51940
83621
66892
6758
2195
76285
74046
50537
68171
92939
49678
94786
95422
27818
92784
3348
99784
43039
25471
14276
51513
92017
45215
9852
35483
6484
24454
70797
41017
4907
81906
41505
81124
66564
50815
79568
35618
11656
27641
25596
31293
98368
75527
43263
20689
81771
49333
91636
32783
93875
67061
22200
13987
62351
49485
80675
3275
81845
67396
35738
8735
63445
44526
71197
60810
59080
87072
59722
25052
32097
74099
80760
29215
33190
1644
15103
44014
59836
24305
64130
39015
48817
76390
13197
63108
66119
15436
92577
41397
34176
18667
62476
98546
85471
76745
25518
56661
26522
46826
81778
54340
6596
57917
25492
53272
62510
57187
39365
68022
86159
99727
43953
77528
57563
43305
49458
16046
55298
91587
15463
67606
81101
93451
69397
31668
14481
8475
30834
80490
47930
43229
88723
92096
68240
38474
14224
6434
90733
50718
74980
83529
98737
23126
88130
58420
19372
91264
37873
18685
5932
55867
18091
14455
68719
11401
19310
50975
57066
46391
54298
60029
44642
18444
86565
10821
51655
43852
75193
33521
69684
30179
11421
30733
13852
16146
44467
7344
29195
378
40979
14278
1935
56221
20612
27497
16425
42698
75064
69736
66895
98279
78416
93448
65145
41990
58937
87635
61988
67031
61919
46282
52944
88654
18872
51689
69056
75548
58919
44508
77387
53426
76098
36611
83437
48228
32073
35580
16003
44109
23224
61106
89855
69819
27534
207
62622
46367
61191
70067
76981
28259
86185
98370
72909
10110
5382
94227
63544
99749
22749
80200
12648
95344
96373
79098
22561
2596
78018
17112
76375
35502
70244
3327
55259
45344
20190
65894
28499
12132
2288
93231
68466
86853
2743
4907
8078
73364
28458
76838
51372
20728
4629
85686
47463
30122
6244
78642
56809
82147
36050
70375
85581
98298
78043
74380
90031
52480
10634
64211
89865
1190
51341
83890
74562
96012
93607
87972
80043
1473
27151
61381
21150
61466
2350
57674
16299
4930
89543
71439
2364
19946
26590
34266
61065
34597
7634
99984
30695
42039
42327
19824
57731
87902
98851
60032
40902
97484
52618
52762
98654
94664
27834
26692
52662
14103
68311
23892
32714
62531
4735
30638
47225
99404
63066
43927
31484
9229
1098
22489
20832
13390
14403
68139
92718
41057
93117
41885
96007
35244
57962
5793
66629
40667
96693
71064
28032
68262
142
61937
74975
5237
79224
85266
30519
28295
17981
6632
7015
40090
87333
42417
33978
74808
42286
23127
59626
27475
52104
50828
22708
15984
77624
25396
24504
58307
88022
95778
43041
5159
2769
41358
81783
67360
71100
71962
10956
26373
28145
4177
94710
69392
4388
71003
28211
64058
65373
60995
97123
2381
37826
10447
99220
15172
60739
21152
92484
54884
22183
61477
27361
92540
73878
97609
8804
96011
33084
28842
77172
64355
97318
1416
2332
11928
35117
38935
55313
54577
21511
54573
90263
17494
85122
97516
63517
60243
88128
95277
5381
46117
72222
17822
20952
19730
15879
51653
4884
52755
12016
97413
54854
35074
25952
78378
13000
97828
75596
37241
67447
19833
73962
36460
88864
8477
33125
12349
97128
35488
75037
98857
14642
64772
39423
19053
58166
99729
87487
5479
93993
76309
90631
67788
57209
25425
47424
30445
8927
11255
38975
94105
57492
48339
6876
81528
80276
72814
31984
27295
33846
47178
78988
66857
58277
58763
34110
10309
62851
59127
70874
77060
22827
3214
39348
21746
17000
29437
73671
35029
86951
95657
34201
67089
60632
55298
50722
99575
39052
27490
15566
91910
12202
49845
10434
87295
85854
9899
82253
30741
62749
80275
83939
16956
61784
18628
8556
32486
14108
33095
41997
82439
21377
84071
97813
17185
32072
22507
9443
82967
82283
12833
36005
75413
51149
97091
17860
10258
61160
63219
29222
97754
44250
37711
45727
98928
36883
41528
67214
34098
58014
77921
50485
26108
86542
79210
75196
15005
81409
63126
89554
63786
67604
50512
9877
48072
95358
28736
91677
7642
21069
50276
9623
76833
15820
797
71817
51212
45439
90117
52665
97777
63951
41692
24715
78496
6570
43397
61778
21525
53484
54468
85705
99857
1154
16189
40723
91294
28397
89496
76331
66411
65444
72379
21323
24513
60694
51584
50390
85080
29743
34441
16804
39311
86361
62126
103
61914
19947
30887
31201
71766
35726
35092
60234
80834
9934
87037
20394
58441
15532
78728
47913
65773
68277
49573
4870
30402
51646
85443
12422
75440
74989
63119
41602
8299
85320
49145
1655
1455
5226
38954
34804
37241
72430
67892
24421
2639
76677
68832
80763
86307
32686
87120
47478
41858
10566
98487
68662
80878
49818
21652
80319
26134
9654
88208
23153
60067
40780
56472
82209
25343
97563
3787
62729
49231
64578
37023
31367
17464
87133
77501
30941
46224
50793
67993
62034
38094
62346
81577
35703
94158
58057
83588
79319
29018
4091
22550
1211
57047
69270
71655
78806
54273
77022
17682
78529
74911
64678
48803
16197
94520
40212
32230
22050
38655
64319
61171
41346
38034
35876
122
25407
72907
6378
90033
53411
14721
7782
73177
24385
86921
9405
38585
67017
56556
41460
54395
65954
99024
88678
21838
61118
96374
83126
81505
8342
72537
49237
89161
68764
96157
81662
43856
15899
34594
24704
58051
73920
20409
88810
4863
24560
12548
81885
5652
77876
28786
46152
50170
50911
87103
85018
20674
48535
91725
3487
42428
43801
92565
338
56424
3797
17360
9221
59771
81332
29871
66397
97223
91617
22622
33670
50325
24167
21776
21807
60421
27410
36664
205
28477
65271
72301
71727
59711
28475
55127
36244
41010
99765
83417
52944
80081
62594
47448
1892
27872
70095
14862
57146
35534
68635
50922
61228
62728
83450
658
88747
88900
24545
39035
87915
73673
77772
4591
31176
54320
69677
38602
67870
88741
60466
89736
36472
29892
75258
16676
20422
60568
36361
93208
44084
89906
66462
11550
54916
79594
81031
21938
44945
66596
89750
90269
67884
97862
89099
24216
38306
74538
96781
1615
46473
99253
73783
69975
62713
56070
42910
74636
59160
44278
37843
18618
52645
54588
89951
70584
87081
14792
934
94219
78969
8691
10953
32187
27071
70455
74835
18173
18669
95415
78408
1066
98815
47152
24158
22048
38315
56967
57586
96301
97329
37975
41957
37548
23374
55559
65558
31325
71440
50738
44399
63170
70626
3674
37715
20850
69432
13066
49525
67
23908
78294
60108
89182
15466
2400
23943
18325
9327
43022
82840
55513
10613
7493
20385
58498
10378
84775
24064
16115
54944
31610
78719
84881
47901
25769
5675
14829
30893
28575
80090
7680
80099
44256
21523
19991
11731
71432
36013
19304
12707
61769
24296
26564
20158
25359
15684
74838
30190
91605
44423
80719
99270
2028
22670
30509
16025
62519
64622
13851
12487
15040
79292
91298
66470
23130
21897
58133
96414
78772
55073
55833
9117
1406
31706
76949
53375
91631
39143
88991
3058
60493
91922
91804
87699
53716
95710
4286
74079
36778
25545
42113
82967
45396
20203
26559
49499
13292
47252
23591
25245
80047
17353
45926
75503
52779
34609
35371
10147
17394
21104
26859
85579
48418
85202
83495
21111
62186
49224
37530
29952
25152
27039
91286
61013
43383
76690
55937
86740
11541
40078
22442
74954
6701
81178
38249
24118
53352
1214
51001
27287
49369
80296
12138
96651
89865
90587
90611
50760
11395
30744
12804
69936
23663
76626
35543
88339
42811
96938
16256
54696
80017
7391
68062
95076
5582
86880
16049
2597
57918
43768
19351
44447
28611
54504
63800
4309
71018
38879
13893
84564
80385
64015
24083
71002
12758
64987
8527
24860
96430
46051
71813
1982
48435
395
93067
46087
92755
39543
99914
9552
42786
45718
38401
74326
64922
94233
46987
86062
50145
14927
75054
13209
46670
39109
91102
37588
43616
56575
38098
7092
48518
7511
89902
95217
64031
66462
54721
28364
71456
26095
83293
47108
57693
6525
54825
55978
52808
15319
42093
34366
87986
8280
26556
7159
46442
57715
88398
90089
51765
67293
56904
78296
99036
38962
89833
46526
88137
55759
36758
75775
33912
89941
46781
12399
60216
48821
8114
88192
27807
73781
35711
16686
61041
81532
61837
35579
17954
51925
58297
14512
9777
10700
92417
39094
12592
38196
1576
50069
88292
6185
30978
39947
98624
85491
83048
93566
7132
98740
64180
70601
51182
30662
49133
27413
96283
64922
48311
42575
59591
58426
96717
33240
88320
97723
47019
43005
54683
38798
24509
72043
94673
18422
16377
44089
86533
79501
30417
7481
45254
62926
96340
83067
83215
35746
5583
35140
76356
42507
99304
62272
46920
3910
99995
77358
30501
78844
33096
73685
58562
97897
45547
76242
78019
34812
62456
99640
43994
58470
98324
24831
93534
19111
13211
6305
29959
37455
24295
96820
16017
86832
87525
99410
51282
44348
18024
30170
77074
24682
11746
50070
6043
90129
27996
92468
10500
92363
12219
5767
72936
19143
8047
28459
48849
31301
85636
6728
24650
68283
74810
50466
48778
91725
97310
86702
33286
12054
54691
36439
90938
74015
29294
97843
72953
90652
83186
7685
54979
14897
77812
43378
8000
76940
68413
93137
69292
16851
97379
41719
28393
40313
2402
31803
87412
75316
19597
31974
9477
27182
76137
15192
56893
23695
72368
89526
17459
45512
46414
75301
39845
89239
26492
17602
69289
89247
26971
588
87600
12023
35461
84837
88412
29664
25125
45381
46919
69055
44806
53083
54129
14553
49074
47014
78047
36496
78504
56409
10410
80615
67236
64959
93739
5156
55667
68862
43626
15874
47259
44530
50953
67577
28553
38031
39291
45489
9109
94343
43775
10714
93816
93743
82483
61498
57041
22638
31380
4633
31495
67358
81311
72086
17001
84778
21129
73425
40483
19722
10250
68777
20394
32323
870
32392
87242
27427
39988
56095
69997
58411
47323
61454
54154
74161
35853
72601
44787
41117
91675
4522
98186
37973
36778
12306
13756
57893
82001
62564
90371
29458
39980
89036
20019
42675
68389
67930
58495
62562
26194
76850
97174
38845
50069
74910
90643
38284
53974
1950
13871
66586
86704
34436
58252
23306
13550
60538
99133
70822
69231
366
96643
13676
57971
91042
17082
99060
86375
67950
45776
41121
56345
29783
47709
95652
45750
11988
50489
52903
94745
4836
64298
26520
70520
26961
97805
8631
96016
31018
58540
15585
782
91640
60124
8911
70295
1129
70130
82618
76257
80163
85026
75801
52432
97199
31694
93053
90269
68201
41335
96261
26493
18076
31138
18435
53550
57896
36835
88027
61288
84708
93820
85273
56073
82343
11603
56227
88296
71664
14554
56432
68019
51815
51002
14508
98316
64821
4201
30708
37248
56220
96793
80371
44780
35462
56080
78821
12619
79323
68973
88384
25934
27510
84551
57993
22762
62220
48295
94450
86470
40739
60372
45534
10084
93314
9202
85159
32210
70768
95231
32331
65527
14740
59921
45323
45230
19529
46654
61177
55212
53668
26270
91713
900
44672
34101
41327
35807
51309
49374
59801
27473
37274
75585
59723
52141
66658
97329
1038
21512
38434
22455
63452
63048
90720
78885
60554
32774
27529
45024
78747
44117
47547
73865
49159
54787
51914
15638
13219
96729
67590
20625
49875
5227
20353
98195
19487
69233
18250
7023
55982
77995
41978
45248
17356
42199
91890
12404
77521
69834
97491
86681
94763
59087
53544
83098
76760
35833
53884
93687
64419
65909
13777
18527
44534
44927
73027
43491
10869
74255
19158
7498
81770
11619
754
17573
71924
38648
57882
27414
99641
73553
48910
64036
5127
53158
78277
36983
72699
51552
878
10265
49250
47023
8121
97206
43421
37632
80147
34210
84835
9427
62242
55683
25468
65505
49860
39879
74940
96951
52661
74595
69456
43223
42300
20224
51246
79518
20118
46937
72388
65472
63095
91965
72067
65102
72221
72237
32456
58883
39476
77062
11570
6139
82070
82871
60930
28751
90772
36632
78755
69960
66793
54586
86716
79344
68354
14639
99048
64046
24160
96745
50841
80602
46791
72181
56178
20710
35038
94704
453
31613
29661
12311
91395
56742
2351
70150
3796
47266
9795
63031
21544
60019
84837
9706
90588
94874
97765
8367
33839
65355
33015
67715
46797
76930
77185
3322
91139
58363
58115
17095
78214
85213
88033
8818
30515
16621
17117
49360
96224
60393
74020
16455
58839
82473
2636
43272
12652
38603
92052
86189
62866
78266
87789
90474
27057
42596
84731
99716
4107
57821
27341
21066
28538
69921
39511
93444
7715
97163
82934
81235
61136
71486
24248
62776
31656
2771
56343
72041
10978
23964
52788
23595
69605
38337
74436
31316
57310
39850
71194
83209
87420
97766
98378
60073
14896
45888
15173
12790
57646
55573
5977
57367
20350
19367
70607
26224
89329
86374
5134
84002
76908
20128
27709
84814
3522
26510
92760
91474
20239
63191
96786
32546
86820
72344
72815
82407
77399
32894
9748
62236
30218
88765
68111
1579
78598
14007
66123
158
85725
80872
19944
1817
45178
50279
87848
68862
87851
50511
68248
16123
17873
86357
16545
95675
62606
32032
27646
92707
68722
15809
58658
91615
410
66529
17969
83013
14522
66420
86350